	SRR6468502	SRR6468504	SRR6468505	SRR6468506	SRR6468507	SRR6468508	SRR6468509	SRR6468510	SRR6468511	SRR6468512	SRR6468513	SRR6468520	SRR6468521	SRR6468522	SRR6468523	SRR6468524	SRR6468525	SRR6468526	SRR6468527	SRR6468528	SRR6468529	SRR6468530	SRR6468559	SRR6468560	SRR6468561	SRR6468562	SRR6468563	SRR6468564	SRR6468567	SRR6468568	SRR6468569	SRR6468570	SRR6468571	SRR6468572	SRR6468573	SRR6468574	SRR6468575	SRR6468576	SRR6468579	SRR6468580	SRR6468581	SRR6468582	SRR6468583	SRR6468584	SRR6468585	SRR6468586	SRR6468587	SRR6468588	SRR6468589	SRR6468590	SRR6468591	SRR6468592	SRR6468593	SRR6468594	SRR6468595	SRR6468596	SRR6468597	SRR6468598	SRR6468599	SRR6468600	SRR6468601	SRR6468602	SRR6468603	SRR6468604	SRR6468605	SRR6468606	SRR6468607	SRR6468608	SRR6468609	SRR6468610	SRR6468611	SRR6468612	SRR6468613	SRR6468614	SRR6468615	SRR6468616	SRR6468617	SRR6468618	SRR6468619	SRR6468620	SRR6468621	SRR6468622	SRR6468623	SRR6468624	SRR6468625	SRR6468626	SRR6468627	SRR6468628	SRR6468629	SRR6468630	SRR6468631	SRR6468632	SRR6468633	SRR6468634	SRR6468635	SRR6468636	SRR6468637	SRR6468638	SRR6468639	SRR6468640	SRR6468652	SRR6468653	SRR6468654	SRR6468655	SRR6468656	SRR6468657	SRR6468658	SRR6468659	SRR6468660	SRR6468661	SRR6468662	SRR6468663	SRR6468664	SRR6468665	SRR6468666	SRR6468667	SRR6468668	SRR6468671	SRR6468672	SRR6468673	SRR6468674	SRR6468675	SRR6468676	SRR6468677	SRR6468678	SRR6468679	SRR6468680	SRR6468681	SRR6468682	SRR6468683	SRR6468684	SRR6468685	SRR6468686	SRR6468687	SRR6468688	SRR6468689	SRR6468690	SRR6468691	SRR6468692	SRR6468693	SRR6468694	SRR6468695	SRR6468696	SRR6468697	SRR6468698	SRR6468699	SRR6468700	SRR6468701	SRR6468702	SRR6468703	SRR6468704	SRR6468705	SRR6468706	SRR6468708	SRR6468709
SRR6468502	0	0.785348	0.914513	0.918727	0.827335	0.881687	0.94599	0.916606	0.917226	0.912259	0.917121	0.776337	0.993926	0.894623	0.912246	0.903368	0.868356	0.674023	0.706752	0.909074	0.898704	0.860303	0.887557	0.861238	0.901632	0.963359	0.902769	0.785588	0.705371	0.610596	0.690381	0.879869	0.644136	0.957106	0.821894	0.896587	0.668696	0.875164	0.862029	0.909489	0.829085	0.924004	0.87342	0.782527	0.857651	0.648305	0.610123	0.871945	0.906555	0.617335	0.918768	0.869929	0.912971	0.847778	0.753193	0.598934	0.863614	0.658232	0.868187	0.871519	0.838937	0.535933	0.80762	0.888737	0.927558	0.839931	0.857668	0.835613	0.797437	0.911599	0.91679	0.758353	0.90284	0.916003	0.872512	0.910921	0.901946	0.823266	0.937207	0.889634	0.771834	0.863766	0.775076	0.562665	0.875549	0.862347	0.890756	0.899778	0.991233	0.885358	0.817633	0.78275	0.864209	0.916907	0.903319	0.914294	0.879766	0.988639	0.897882	0.626662	0.955638	0.797204	0.966915	0.842921	0.870616	0.913561	0.896218	0.901661	0.846215	0.966629	0.620945	0.781166	0.641324	0.699738	0.879237	0.990262	0.765047	0.732035	0.971605	0.887625	0.845743	0.717733	0.671933	0.921452	0.878856	0.880821	0.820081	0.541649	0.83941	0.899407	0.855709	0.873463	0.939677	0.924835	0.942361	0.877828	0.543026	0.843854	0.947583	0.803393	0.785707	0.860048	0.401751	0.840019	0.847934	0.91521	0.748293	0.94633	0.944074	0.657114	0.887031	0.858464	0.897407	0.933742	0.891769
SRR6468504	0.785348	0	0.533357	0.558425	0.746555	0.723127	0.734896	0.753639	0.834948	0.60085	0.529147	0.760541	0.991636	0.52803	0.70733	0.827288	0.797304	0.768788	0.847759	0.533699	0.608565	0.68166	0.637501	0.681699	0.595711	0.886079	0.803984	0.845442	0.706967	0.83986	0.714926	0.448725	0.674645	0.770445	0.507332	0.627737	0.748739	0.68313	0.515481	0.910369	0.809589	0.757645	0.748753	0.527111	0.665119	0.846031	0.834106	0.61464	0.892786	0.687399	0.880989	0.611012	0.885216	0.747338	0.920683	0.881223	0.519003	0.676036	0.335123	0.771082	0.498515	0.763667	0.413123	0.671289	0.693072	0.655235	0.803784	0.539937	0.811516	0.880477	0.682201	0.679088	0.521784	0.776073	0.682995	0.702827	0.583744	0.926892	0.772044	0.668371	0.434201	0.414066	0.687659	0.850187	0.516141	0.702869	0.53129	0.536509	0.985524	0.492875	0.678832	0.40919	0.441178	0.514751	0.73436	0.610653	0.732096	0.972323	0.650744	0.815675	0.890768	0.700646	0.950688	0.792885	0.741888	0.687568	0.762647	0.626858	0.488053	0.965003	0.875823	0.904072	0.887031	0.696448	0.712779	0.943093	0.375364	0.423469	0.972333	0.634331	0.78108	0.809658	0.703265	0.798952	0.536675	0.689473	0.637716	0.680844	0.820325	0.548331	0.676851	0.474183	0.696998	0.689263	0.670629	0.667666	0.716844	0.478975	0.907191	0.757318	0.685855	0.829105	0.8729	0.481041	0.327754	0.738323	0.868369	0.78127	0.733001	0.84593	0.485206	0.815365	0.58919	0.792615	0.583103
SRR6468505	0.914513	0.533357	0	0.457014	0.848823	0.662134	0.705707	0.619987	0.892482	0.694668	0.423532	0.758826	0.99539	0.460526	0.478878	0.817193	0.694019	0.790606	0.797506	0.445898	0.675645	0.643011	0.459726	0.670539	0.497114	0.841741	0.825303	0.803299	0.797836	0.877925	0.805466	0.43087	0.764755	0.7379	0.712625	0.567485	0.612029	0.611407	0.32697	0.879687	0.821154	0.712016	0.68861	0.552585	0.540033	0.943143	0.876417	0.598336	0.929048	0.824748	0.974378	0.552412	0.899855	0.71406	0.93189	0.930286	0.492614	0.744546	0.536058	0.798604	0.397317	0.901784	0.662101	0.570593	0.482128	0.458413	0.757553	0.668513	0.811785	0.812744	0.569426	0.551537	0.405311	0.744543	0.537161	0.657754	0.535047	0.958739	0.699383	0.572422	0.636892	0.563175	0.711913	0.927386	0.574445	0.598289	0.493083	0.394133	0.998116	0.521333	0.761529	0.548259	0.36844	0.348978	0.685707	0.499862	0.582623	0.989318	0.738436	0.871357	0.915759	0.610054	0.97979	0.806961	0.696814	0.606983	0.806837	0.402063	0.490483	0.999278	0.927544	0.972282	0.938769	0.786697	0.421705	0.813776	0.507107	0.70764	0.991192	0.61472	0.778826	0.923579	0.752124	0.7996	0.56693	0.679462	0.512469	0.77249	0.723754	0.476111	0.491762	0.481947	0.666335	0.634316	0.540345	0.589302	0.862784	0.445686	0.971628	0.794181	0.715898	0.721153	0.929268	0.659223	0.434231	0.560546	0.924458	0.744764	0.725634	0.898516	0.528743	0.78403	0.278707	0.760009	0.501955
SRR6468506	0.918727	0.558425	0.457014	0	0.820783	0.618991	0.715337	0.489902	0.886907	0.488013	0.537319	0.720034	0.995706	0.482478	0.483865	0.765393	0.692474	0.768917	0.789659	0.436608	0.536355	0.533804	0.599965	0.549645	0.670924	0.879096	0.804181	0.747688	0.71294	0.881639	0.792901	0.429972	0.777716	0.852195	0.569097	0.468244	0.626116	0.417169	0.460652	0.902687	0.870914	0.659561	0.812739	0.437029	0.649907	0.944988	0.859495	0.468019	0.942171	0.764164	0.984104	0.709515	0.830754	0.636249	0.935904	0.925017	0.428298	0.703028	0.456635	0.727652	0.537377	0.902749	0.52915	0.481691	0.595513	0.587427	0.682264	0.59884	0.78959	0.843939	0.477823	0.756046	0.549607	0.707765	0.536192	0.617111	0.448049	0.975721	0.853797	0.70043	0.57185	0.542408	0.72004	0.929305	0.486367	0.577644	0.557507	0.474151	0.997847	0.562829	0.670588	0.42436	0.483117	0.370069	0.635872	0.419016	0.696328	0.991038	0.686262	0.857945	0.870171	0.714782	0.977658	0.731108	0.489913	0.51286	0.673285	0.568909	0.367449	0.997388	0.81484	0.976684	0.950363	0.79376	0.724919	0.856452	0.569993	0.659884	0.992862	0.513614	0.698053	0.91579	0.759667	0.855278	0.448045	0.530213	0.557199	0.72864	0.66353	0.519879	0.593906	0.469673	0.612972	0.639734	0.564376	0.677568	0.852841	0.462015	0.965428	0.761048	0.79477	0.60313	0.943808	0.614175	0.455776	0.479143	0.933742	0.813327	0.636637	0.898498	0.54307	0.793649	0.476695	0.741526	0.453359
SRR6468507	0.827335	0.746555	0.848823	0.820783	0	0.730513	0.897005	0.882879	0.896453	0.837629	0.872376	0.812684	0.990713	0.825297	0.815707	0.82675	0.878254	0.807686	0.912984	0.795785	0.729364	0.783399	0.844037	0.799511	0.839876	0.961728	0.884715	0.859738	0.714851	0.868763	0.508727	0.762505	0.688179	0.965378	0.66867	0.820317	0.87036	0.826864	0.815926	0.944843	0.86753	0.868279	0.8829	0.805921	0.905259	0.923761	0.669121	0.778344	0.937319	0.795202	0.956833	0.840643	0.751409	0.791481	0.937652	0.917124	0.804461	0.651965	0.736147	0.384676	0.813178	0.817993	0.703826	0.793596	0.861138	0.840994	0.843515	0.661468	0.877465	0.95931	0.826104	0.890806	0.821681	0.833526	0.740721	0.816799	0.802216	0.944651	0.95716	0.905947	0.737229	0.788796	0.594291	0.904812	0.719042	0.800956	0.815761	0.798551	0.99339	0.782194	0.468738	0.734458	0.781469	0.850037	0.802148	0.823891	0.833535	0.994336	0.835851	0.501277	0.61642	0.916926	0.973447	0.725591	0.691932	0.816136	0.46308	0.834304	0.780246	0.991648	0.912677	0.952282	0.925648	0.747852	0.917526	0.99048	0.64159	0.771931	0.98545	0.728731	0.806435	0.847824	0.736885	0.967888	0.651765	0.651526	0.651619	0.747833	0.901306	0.699219	0.816936	0.798461	0.759868	0.853031	0.880654	0.873538	0.792396	0.825119	0.970567	0.690669	0.883035	0.855813	0.903607	0.679098	0.75092	0.844397	0.947557	0.847374	0.472578	0.857933	0.765774	0.825077	0.83936	0.879564	0.817234
SRR6468508	0.881687	0.723127	0.662134	0.618991	0.730513	0	0.798218	0.668875	0.845347	0.708406	0.744869	0.670707	0.994181	0.51136	0.488089	0.615527	0.787439	0.740752	0.690788	0.519936	0.60515	0.491724	0.679664	0.680523	0.751496	0.88709	0.807269	0.631081	0.539357	0.795226	0.690731	0.597308	0.70415	0.904404	0.605229	0.588281	0.72386	0.572819	0.629147	0.825368	0.839156	0.638757	0.838218	0.552647	0.806117	0.936237	0.781584	0.525926	0.921233	0.734531	0.977992	0.748246	0.798744	0.664207	0.896602	0.778054	0.591597	0.608527	0.595025	0.69228	0.711131	0.887917	0.651894	0.405281	0.677304	0.617618	0.655249	0.653996	0.798342	0.797591	0.452942	0.738297	0.638227	0.706714	0.610008	0.549111	0.511741	0.95467	0.842712	0.811567	0.660183	0.696592	0.711195	0.90999	0.514624	0.493828	0.630236	0.612521	0.997026	0.640301	0.667871	0.634667	0.64479	0.605974	0.654189	0.50788	0.805796	0.98733	0.769513	0.767101	0.806819	0.771329	0.970247	0.734186	0.577937	0.533289	0.647338	0.60712	0.642015	0.99764	0.911027	0.972839	0.940133	0.824607	0.7834	0.913097	0.650449	0.735209	0.979951	0.560372	0.580594	0.774711	0.712133	0.77528	0.560247	0.468637	0.520334	0.697926	0.647336	0.58195	0.653107	0.668605	0.602202	0.700029	0.651956	0.535679	0.803989	0.677924	0.944195	0.719492	0.835351	0.77031	0.913039	0.656739	0.663605	0.627268	0.942055	0.762954	0.683476	0.853622	0.702142	0.783107	0.602294	0.803785	0.582237
SRR6468509	0.94599	0.734896	0.705707	0.715337	0.897005	0.798218	0	0.761743	0.925402	0.869422	0.706265	0.842654	0.997592	0.741478	0.726055	0.807356	0.799191	0.860524	0.816129	0.740182	0.821107	0.754921	0.699824	0.866237	0.772848	0.90309	0.858108	0.869675	0.822905	0.907224	0.879579	0.716082	0.830431	0.859041	0.832523	0.814891	0.781625	0.797525	0.739972	0.929318	0.820409	0.753359	0.840083	0.722077	0.736046	0.964959	0.918762	0.786109	0.914075	0.829261	0.97622	0.644538	0.881931	0.821716	0.952603	0.951432	0.767756	0.863347	0.737938	0.850941	0.745885	0.92718	0.840688	0.786865	0.797143	0.751775	0.721276	0.835584	0.840686	0.866523	0.70915	0.791173	0.742848	0.365627	0.682685	0.704834	0.633855	0.972357	0.849581	0.677062	0.838134	0.538577	0.838557	0.95321	0.779489	0.826593	0.81787	0.662924	0.997576	0.777725	0.834944	0.736772	0.728025	0.7593	0.769415	0.67493	0.789968	0.995818	0.626476	0.926098	0.900294	0.768929	0.979265	0.810463	0.769271	0.683157	0.815383	0.770763	0.656358	0.998122	0.940577	0.978296	0.958524	0.833952	0.779084	0.945894	0.79011	0.876802	0.99131	0.769237	0.822701	0.948653	0.826104	0.831391	0.769033	0.656169	0.71519	0.83903	0.861781	0.716191	0.791492	0.746356	0.389107	0.359652	0.70109	0.789584	0.921683	0.734958	0.975824	0.828209	0.796042	0.830721	0.952139	0.869572	0.771079	0.798875	0.935758	0.832278	0.74397	0.940073	0.794077	0.442132	0.712794	0.379157	0.695702
SRR6468510	0.916606	0.753639	0.619987	0.489902	0.882879	0.668875	0.761743	0	0.824007	0.684418	0.708006	0.756307	0.985439	0.597678	0.477299	0.79933	0.593208	0.722562	0.745463	0.53262	0.719561	0.598256	0.656478	0.609166	0.749376	0.820707	0.763424	0.74713	0.734725	0.86313	0.802956	0.62976	0.780327	0.864	0.775116	0.471399	0.632883	0.511456	0.575138	0.824623	0.87827	0.703148	0.844498	0.641193	0.661292	0.905186	0.878164	0.553123	0.923627	0.744225	0.925025	0.772396	0.846623	0.682331	0.905748	0.940522	0.510975	0.741477	0.695178	0.804956	0.620189	0.885324	0.716447	0.527508	0.598577	0.579127	0.681983	0.802128	0.78621	0.826927	0.461507	0.765101	0.651617	0.773334	0.540748	0.670557	0.584024	0.968821	0.87637	0.764755	0.770155	0.755923	0.71264	0.909657	0.691183	0.544029	0.672544	0.563589	0.990493	0.661173	0.784821	0.717345	0.630399	0.444308	0.6048	0.562358	0.676767	0.978557	0.862429	0.875003	0.879887	0.607922	0.957475	0.776103	0.485485	0.540347	0.774036	0.582035	0.590148	0.980182	0.883961	0.950621	0.93905	0.796338	0.724476	0.738894	0.773347	0.842514	0.983687	0.674054	0.696211	0.919433	0.732978	0.887374	0.63329	0.591704	0.637113	0.746671	0.610926	0.662263	0.653725	0.662306	0.703012	0.716787	0.672534	0.658739	0.855361	0.64047	0.932142	0.785833	0.824248	0.622819	0.931282	0.730073	0.726644	0.502706	0.840564	0.856259	0.783741	0.877294	0.765553	0.837683	0.576472	0.717108	0.596269
SRR6468511	0.917226	0.834948	0.892482	0.886907	0.896453	0.845347	0.925402	0.824007	0	0.885001	0.905308	0.864058	0.963134	0.894321	0.916198	0.925678	0.90347	0.766627	0.915267	0.840173	0.881023	0.894543	0.873599	0.824389	0.909766	0.958565	0.816818	0.911494	0.8469	0.856149	0.876092	0.903571	0.830906	0.797676	0.874014	0.841764	0.884621	0.873712	0.879613	0.938496	0.910734	0.888667	0.884053	0.878717	0.889899	0.890054	0.849785	0.853776	0.899265	0.884553	0.878829	0.920455	0.893124	0.880655	0.820065	0.903751	0.882604	0.854756	0.88379	0.909654	0.880458	0.854028	0.82204	0.901215	0.884915	0.903391	0.895981	0.851021	0.883563	0.872213	0.901389	0.780923	0.855215	0.910303	0.804758	0.899895	0.851434	0.951982	0.801394	0.91199	0.845125	0.902609	0.805479	0.884887	0.881655	0.862886	0.861783	0.848033	0.964983	0.768605	0.84133	0.879164	0.877418	0.900991	0.905642	0.84812	0.902406	0.884702	0.849614	0.884138	0.926232	0.90281	0.918657	0.859402	0.873594	0.897102	0.824074	0.900545	0.902356	0.973151	0.926978	0.914068	0.848811	0.845304	0.916538	0.704749	0.853801	0.894679	0.956703	0.88944	0.901049	0.888343	0.86794	0.951754	0.854968	0.867644	0.865915	0.877173	0.84967	0.884015	0.884928	0.880956	0.892954	0.904297	0.914399	0.859358	0.836767	0.863967	0.894461	0.865306	0.843581	0.90925	0.877492	0.854348	0.88383	0.874379	0.941761	0.95395	0.905149	0.868556	0.831365	0.85309	0.908596	0.934989	0.868843
SRR6468512	0.912259	0.60085	0.694668	0.488013	0.837629	0.708406	0.869422	0.684418	0.885001	0	0.70747	0.812923	0.994842	0.573851	0.72889	0.7983	0.778442	0.748735	0.836437	0.597252	0.561596	0.744357	0.798592	0.542673	0.769948	0.873932	0.848004	0.759871	0.732379	0.894428	0.781344	0.627695	0.799074	0.923011	0.603522	0.516204	0.782383	0.573817	0.604465	0.816668	0.833402	0.749298	0.922871	0.539307	0.862152	0.925356	0.880889	0.50212	0.942339	0.837615	0.977739	0.800797	0.898061	0.628636	0.915066	0.926672	0.478656	0.72825	0.588594	0.797738	0.688018	0.89327	0.574179	0.626267	0.611857	0.758172	0.765173	0.598756	0.882518	0.93418	0.603961	0.866457	0.592185	0.761901	0.748856	0.552422	0.5357	0.965991	0.945216	0.888313	0.548372	0.596685	0.721638	0.917948	0.578512	0.666477	0.550566	0.653282	0.998043	0.675331	0.755918	0.590171	0.611755	0.576392	0.599116	0.585998	0.875716	0.980014	0.675802	0.865151	0.938525	0.777895	0.970054	0.789031	0.666688	0.664109	0.785988	0.625212	0.498871	0.998072	0.610357	0.972288	0.953338	0.846192	0.839489	0.882556	0.614178	0.603231	0.981657	0.620594	0.77009	0.891614	0.857267	0.932518	0.544236	0.687822	0.746605	0.74153	0.661779	0.691069	0.667264	0.507947	0.701018	0.700914	0.709322	0.748841	0.831397	0.614262	0.960202	0.842436	0.901067	0.563397	0.939773	0.509546	0.604035	0.512256	0.889493	0.944005	0.736993	0.860908	0.627235	0.900873	0.709913	0.769369	0.677846
SRR6468513	0.917121	0.529147	0.423532	0.537319	0.872376	0.744869	0.706265	0.708006	0.905308	0.70747	0	0.802623	0.994048	0.521498	0.646621	0.828725	0.725424	0.803242	0.782247	0.5238	0.720722	0.726604	0.547784	0.679347	0.567879	0.903926	0.841246	0.892036	0.845753	0.905951	0.80777	0.465008	0.811146	0.72384	0.73362	0.626881	0.738598	0.675718	0.395921	0.876229	0.728888	0.665759	0.714624	0.551608	0.546695	0.952063	0.868383	0.635376	0.839357	0.833923	0.985013	0.601308	0.920947	0.692249	0.941395	0.946663	0.519469	0.80197	0.564325	0.855092	0.408017	0.898555	0.696889	0.621035	0.593603	0.531687	0.780214	0.636605	0.868265	0.863106	0.631232	0.529975	0.496457	0.773723	0.643155	0.726625	0.587579	0.97572	0.660379	0.479966	0.634954	0.586572	0.731655	0.903696	0.576429	0.723072	0.650659	0.488743	0.992758	0.544219	0.80688	0.567072	0.355284	0.414163	0.65248	0.614103	0.562344	0.99343	0.707908	0.89294	0.924591	0.619267	0.970872	0.810534	0.767854	0.69687	0.850459	0.642174	0.50369	0.989142	0.896245	0.971475	0.951491	0.792607	0.617281	0.835655	0.498936	0.679547	0.989189	0.649538	0.843178	0.899668	0.715251	0.718702	0.605347	0.70752	0.685061	0.79413	0.799838	0.436919	0.639907	0.456369	0.727509	0.681714	0.612457	0.598769	0.870534	0.4073	0.918009	0.8663	0.760662	0.70695	0.928891	0.688546	0.431311	0.649644	0.914816	0.740679	0.771369	0.920335	0.487458	0.819356	0.484506	0.796866	0.48822
SRR6468520	0.776337	0.760541	0.758826	0.720034	0.812684	0.670707	0.842654	0.756307	0.864058	0.812923	0.802623	0	0.989754	0.719853	0.711639	0.833412	0.765805	0.655197	0.777671	0.705003	0.780911	0.774053	0.739886	0.747779	0.796243	0.906486	0.83018	0.76276	0.72468	0.724742	0.682492	0.75918	0.646763	0.871841	0.761554	0.71979	0.594418	0.727688	0.682518	0.819725	0.784234	0.792372	0.817791	0.642101	0.746635	0.885873	0.607204	0.738873	0.900253	0.666191	0.926886	0.801705	0.829881	0.741381	0.831657	0.845037	0.661273	0.652502	0.717263	0.828192	0.724461	0.799076	0.697705	0.706388	0.804696	0.705851	0.689743	0.728253	0.750773	0.805217	0.746536	0.699264	0.751409	0.757509	0.745465	0.797572	0.685291	0.858692	0.857776	0.795934	0.707102	0.748578	0.735527	0.787025	0.755681	0.740868	0.749708	0.720909	0.996073	0.74456	0.782614	0.612618	0.703489	0.742164	0.700209	0.725865	0.774184	0.972591	0.831475	0.738858	0.886227	0.693845	0.963723	0.714408	0.727414	0.728793	0.680525	0.722974	0.706554	0.996618	0.792549	0.927315	0.874927	0.794956	0.762831	0.948184	0.682362	0.755054	0.978648	0.714757	0.753409	0.858167	0.624669	0.874521	0.702375	0.644501	0.720669	0.679523	0.720654	0.73515	0.83777	0.714802	0.813303	0.775872	0.783257	0.73427	0.665468	0.737463	0.959298	0.731097	0.803258	0.775046	0.803124	0.621931	0.724886	0.807022	0.88724	0.882035	0.884404	0.813808	0.77111	0.786371	0.719412	0.828507	0.699273
SRR6468521	0.993926	0.991636	0.99539	0.995706	0.990713	0.994181	0.997592	0.985439	0.963134	0.994842	0.994048	0.989754	0	0.995256	0.992708	0.995215	0.99257	0.98949	0.99453	0.988382	0.993833	0.994301	0.993304	0.990685	0.971283	0.991455	0.877201	0.995298	0.990746	0.937438	0.985038	0.995092	0.987097	0.991173	0.990986	0.97976	0.989585	0.984226	0.992808	0.995199	0.995033	0.988989	0.940501	0.989849	0.977242	0.984242	0.990449	0.993235	0.96864	0.993507	0.971209	0.988016	0.983535	0.992386	0.982762	0.994761	0.993494	0.987938	0.993073	0.991879	0.991501	0.981142	0.985144	0.989019	0.992823	0.990317	0.991085	0.986109	0.987154	0.997298	0.996988	0.987579	0.996497	0.989785	0.993702	0.993591	0.992713	0.927192	0.992257	0.990691	0.991188	0.99625	0.981945	0.989136	0.996357	0.99057	0.989479	0.994953	0.940626	0.985478	0.989486	0.991436	0.994632	0.994894	0.993519	0.99382	0.990098	0.731133	0.984953	0.99271	0.934874	0.98752	0.991604	0.986703	0.988769	0.994952	0.982733	0.995007	0.993862	0.990046	0.993783	0.990608	0.995444	0.991004	0.991713	0.997955	0.994569	0.983991	0.928299	0.99421	0.994091	0.936307	0.993075	0.994705	0.986618	0.993354	0.995615	0.993469	0.994509	0.994731	0.996553	0.991361	0.996979	0.996148	0.995472	0.993035	0.988576	0.990912	0.975977	0.990395	0.979728	0.995201	0.992264	0.988308	0.99021	0.992404	0.993817	0.996142	0.993935	0.877203	0.996311	0.991601	0.99445	0.997071	0.995632
SRR6468522	0.894623	0.52803	0.460526	0.482478	0.825297	0.51136	0.741478	0.597678	0.894321	0.573851	0.521498	0.719853	0.995256	0	0.457952	0.73238	0.741932	0.734824	0.797572	0.306765	0.546122	0.541908	0.491371	0.59233	0.582724	0.890464	0.806202	0.719209	0.630411	0.804528	0.733366	0.433608	0.744276	0.72454	0.620849	0.492895	0.66408	0.492079	0.361983	0.812778	0.821981	0.676413	0.721603	0.454252	0.611516	0.933922	0.872433	0.468376	0.923558	0.688433	0.977759	0.586697	0.866138	0.606302	0.913402	0.87086	0.413954	0.66326	0.451325	0.742602	0.480736	0.883207	0.596766	0.453159	0.591611	0.481049	0.609515	0.624432	0.772045	0.831828	0.490649	0.607886	0.394548	0.697855	0.601153	0.505674	0.400877	0.971868	0.71002	0.655247	0.597564	0.553911	0.695927	0.905053	0.445524	0.52057	0.544628	0.485029	0.997111	0.494026	0.70288	0.462801	0.422093	0.336253	0.621626	0.429905	0.680254	0.990517	0.689787	0.831414	0.877913	0.624367	0.971251	0.726436	0.567452	0.470019	0.73972	0.443125	0.444861	0.995133	0.89439	0.967899	0.938464	0.827635	0.595145	0.943806	0.510922	0.667721	0.968086	0.526433	0.64934	0.853748	0.756299	0.756462	0.496546	0.503847	0.580921	0.686304	0.649201	0.412215	0.6184	0.379273	0.624758	0.621104	0.517445	0.357709	0.81557	0.53551	0.959262	0.724144	0.731272	0.719007	0.929576	0.650975	0.453107	0.614173	0.924883	0.678266	0.678426	0.851156	0.457189	0.808945	0.449773	0.749954	0.439325
SRR6468523	0.912246	0.70733	0.478878	0.483865	0.815707	0.488089	0.726055	0.477299	0.916198	0.72889	0.646621	0.711639	0.992708	0.457952	0	0.589637	0.664419	0.758955	0.653817	0.451024	0.645343	0.418585	0.483286	0.679545	0.621168	0.835419	0.793451	0.605708	0.583704	0.853622	0.759846	0.537936	0.738746	0.817254	0.69973	0.606308	0.562371	0.553529	0.472721	0.834379	0.858663	0.471182	0.785359	0.551663	0.634382	0.944718	0.866107	0.606809	0.931442	0.76199	0.979633	0.722743	0.820304	0.719801	0.929282	0.750849	0.554528	0.715121	0.557959	0.74451	0.602077	0.898896	0.715372	0.360356	0.620786	0.494923	0.62829	0.739101	0.773371	0.811609	0.343601	0.68544	0.532654	0.739039	0.551968	0.590467	0.533078	0.968488	0.808247	0.699596	0.741573	0.714608	0.735537	0.925874	0.510792	0.5148	0.632635	0.529983	0.997228	0.621552	0.757095	0.615797	0.523288	0.469984	0.640244	0.530374	0.601806	0.987304	0.849256	0.838271	0.824716	0.645242	0.976925	0.734719	0.536853	0.573739	0.736161	0.510375	0.555511	0.995524	0.881882	0.977905	0.94659	0.792675	0.57645	0.85259	0.701124	0.818358	0.970846	0.646373	0.524195	0.751364	0.695221	0.65375	0.580079	0.536017	0.430658	0.731057	0.681439	0.525151	0.658088	0.619673	0.683236	0.712962	0.587875	0.504918	0.84847	0.586952	0.966042	0.724267	0.783423	0.62427	0.937536	0.762419	0.614949	0.55614	0.932242	0.677536	0.755067	0.892797	0.694677	0.808656	0.403237	0.74361	0.529075
SRR6468524	0.903368	0.827288	0.817193	0.765393	0.82675	0.615527	0.807356	0.79933	0.925678	0.7983	0.828725	0.833412	0.995215	0.73238	0.589637	0	0.852568	0.785338	0.719868	0.710192	0.74189	0.476163	0.759579	0.80603	0.856956	0.931236	0.851483	0.718671	0.63659	0.908331	0.769033	0.773069	0.825957	0.950218	0.778227	0.77843	0.833449	0.745184	0.761869	0.885636	0.765415	0.556358	0.943118	0.72574	0.849367	0.943634	0.890943	0.705525	0.940984	0.825048	0.984064	0.861465	0.823192	0.775634	0.941577	0.640551	0.762329	0.747901	0.757143	0.762004	0.831313	0.892053	0.750272	0.562679	0.798174	0.792361	0.750072	0.802267	0.846587	0.917967	0.551722	0.871083	0.767155	0.782368	0.750942	0.699006	0.723096	0.976031	0.954889	0.808524	0.779365	0.78652	0.785552	0.933712	0.640125	0.682557	0.770612	0.756321	0.996639	0.794589	0.774784	0.795732	0.812894	0.796107	0.810287	0.765368	0.906421	0.992281	0.862495	0.822401	0.860651	0.866175	0.977639	0.788616	0.715155	0.749159	0.746107	0.807435	0.731318	0.996494	0.928284	0.980094	0.958737	0.748035	0.889472	0.961213	0.855087	0.833753	0.99113	0.7088	0.47764	0.62992	0.821865	0.523275	0.707052	0.590288	0.636631	0.779842	0.816319	0.764648	0.830803	0.786236	0.798035	0.85122	0.820275	0.686285	0.840103	0.797925	0.969597	0.815539	0.945544	0.790534	0.944089	0.805337	0.802561	0.79455	0.960716	0.805827	0.813404	0.892406	0.833477	0.89845	0.761429	0.85471	0.786952
SRR6468525	0.868356	0.797304	0.694019	0.692474	0.878254	0.787439	0.799191	0.593208	0.90347	0.778442	0.725424	0.765805	0.99257	0.741932	0.664419	0.852568	0	0.740416	0.701276	0.692353	0.692398	0.761346	0.706323	0.517327	0.79416	0.859238	0.83958	0.78108	0.756501	0.848876	0.770635	0.706866	0.783182	0.902081	0.775873	0.608214	0.743759	0.655795	0.684549	0.55781	0.810816	0.814982	0.86595	0.651093	0.7039	0.913456	0.817908	0.678329	0.923983	0.693864	0.953843	0.764067	0.792796	0.750618	0.907911	0.895073	0.63287	0.778172	0.763303	0.767232	0.557227	0.879236	0.789905	0.665666	0.486927	0.687932	0.65864	0.73942	0.724288	0.876768	0.711239	0.790068	0.800715	0.820463	0.638777	0.781279	0.759388	0.942439	0.896178	0.707425	0.754428	0.727232	0.729036	0.846084	0.777032	0.739779	0.765338	0.627163	0.994458	0.775114	0.743762	0.751316	0.688433	0.683309	0.544948	0.781334	0.750797	0.978081	0.825015	0.850481	0.854905	0.697728	0.959386	0.717031	0.69939	0.732627	0.802092	0.755853	0.691515	0.992292	0.851163	0.955769	0.929582	0.802079	0.721847	0.747486	0.804805	0.800906	0.93303	0.711419	0.693066	0.861457	0.767553	0.919204	0.713947	0.731807	0.687741	0.742038	0.725629	0.700661	0.659118	0.775882	0.832729	0.810043	0.755888	0.795514	0.809915	0.727075	0.956215	0.647685	0.794215	0.717561	0.892382	0.721336	0.792446	0.552426	0.61232	0.884695	0.84592	0.842164	0.796016	0.693865	0.681258	0.81567	0.69822
SRR6468526	0.674023	0.768788	0.790606	0.768917	0.807686	0.740752	0.860524	0.722562	0.766627	0.748735	0.803242	0.655197	0.98949	0.734824	0.758955	0.785338	0.740416	0	0.606834	0.728795	0.755283	0.749577	0.700914	0.735818	0.762261	0.861625	0.821332	0.7115	0.613417	0.668066	0.654406	0.75264	0.63305	0.827734	0.747835	0.685889	0.553614	0.693394	0.701576	0.804775	0.778517	0.75215	0.86299	0.667846	0.757442	0.751076	0.56674	0.596604	0.858343	0.684076	0.926846	0.812893	0.777198	0.66652	0.789606	0.711432	0.611541	0.567279	0.718125	0.810412	0.764404	0.695201	0.717763	0.684666	0.745005	0.710154	0.66469	0.724609	0.735923	0.895378	0.725682	0.680668	0.775301	0.783285	0.672691	0.713115	0.700397	0.838904	0.916058	0.821536	0.64894	0.746122	0.584853	0.66586	0.693789	0.660758	0.714858	0.669621	0.994923	0.74324	0.726985	0.726916	0.737629	0.747036	0.727661	0.770801	0.786239	0.906139	0.811122	0.598194	0.837067	0.675011	0.942903	0.645244	0.675629	0.761119	0.778762	0.718585	0.70812	0.964347	0.752757	0.792606	0.654791	0.626038	0.808572	0.876838	0.727689	0.687851	0.97714	0.697225	0.653097	0.796286	0.696181	0.88484	0.681279	0.693442	0.646501	0.412015	0.681016	0.747195	0.76871	0.721237	0.834022	0.780918	0.820545	0.699569	0.621534	0.770519	0.930741	0.711316	0.707621	0.748527	0.691157	0.623011	0.716269	0.738957	0.711607	0.895552	0.84631	0.834947	0.762883	0.758996	0.721902	0.809166	0.70117
SRR6468527	0.706752	0.847759	0.797506	0.789659	0.912984	0.690788	0.816129	0.745463	0.915267	0.836437	0.782247	0.777671	0.99453	0.797572	0.653817	0.719868	0.701276	0.606834	0	0.772427	0.835352	0.674052	0.685922	0.802923	0.875901	0.875935	0.884694	0.673111	0.654567	0.693457	0.791945	0.769718	0.708151	0.921605	0.839243	0.680975	0.592454	0.709883	0.766114	0.777279	0.770785	0.671775	0.783023	0.610055	0.613735	0.836999	0.70945	0.694057	0.81936	0.642324	0.933647	0.867466	0.840732	0.720141	0.819377	0.620286	0.748044	0.749385	0.836317	0.840773	0.827282	0.743612	0.862474	0.631787	0.746756	0.781811	0.701349	0.885901	0.746993	0.853462	0.62914	0.674238	0.8484	0.864162	0.73506	0.721138	0.781818	0.840961	0.79435	0.733352	0.824855	0.819814	0.694407	0.784703	0.749756	0.70587	0.838229	0.733429	0.997377	0.887449	0.810398	0.800849	0.773397	0.791616	0.760831	0.805289	0.764348	0.990674	0.91814	0.741457	0.897116	0.604228	0.983381	0.75571	0.753594	0.800578	0.855828	0.80218	0.717632	0.980891	0.789904	0.852761	0.820736	0.697318	0.741344	0.834288	0.753866	0.78182	0.978799	0.802598	0.613646	0.715433	0.670984	0.58006	0.805147	0.737303	0.607548	0.6409	0.65708	0.771361	0.813343	0.841328	0.870046	0.850182	0.805854	0.710255	0.797067	0.746388	0.96004	0.797587	0.783674	0.750784	0.737742	0.783537	0.830192	0.710796	0.757004	0.778771	0.859889	0.841582	0.909896	0.687807	0.716022	0.844922	0.731463
SRR6468528	0.909074	0.533699	0.445898	0.436608	0.795785	0.519936	0.740182	0.53262	0.840173	0.597252	0.5238	0.705003	0.988382	0.306765	0.451024	0.710192	0.692353	0.728795	0.772427	0	0.565741	0.532714	0.539641	0.612929	0.590884	0.864717	0.760556	0.779121	0.635225	0.850755	0.697137	0.416132	0.753534	0.771668	0.616098	0.425875	0.666669	0.45505	0.358328	0.852524	0.823636	0.636098	0.738073	0.495911	0.602023	0.926435	0.847524	0.470582	0.920911	0.726181	0.943211	0.635029	0.813192	0.541729	0.917193	0.895538	0.420806	0.617362	0.467543	0.716413	0.45604	0.890123	0.539562	0.371717	0.581658	0.511025	0.629527	0.608403	0.798615	0.841789	0.470078	0.650279	0.441462	0.673275	0.527845	0.542418	0.400779	0.96976	0.771723	0.649909	0.564279	0.560749	0.643656	0.878008	0.499841	0.536107	0.559736	0.421704	0.992984	0.456678	0.656474	0.502189	0.433728	0.333408	0.577468	0.465588	0.647332	0.972653	0.709339	0.80685	0.840962	0.544922	0.967914	0.71975	0.498149	0.44896	0.669593	0.475386	0.441537	0.992793	0.875951	0.970384	0.944573	0.768312	0.630638	0.864216	0.541357	0.701033	0.974483	0.492082	0.679393	0.884349	0.695616	0.787489	0.443581	0.501573	0.546918	0.687752	0.60266	0.426155	0.566844	0.479273	0.5864	0.613329	0.457332	0.429253	0.796838	0.495545	0.945962	0.765422	0.660785	0.689152	0.935005	0.620648	0.489045	0.53869	0.925896	0.735838	0.685391	0.863159	0.52373	0.81852	0.411701	0.73856	0.412092
SRR6468529	0.898704	0.608565	0.675645	0.536355	0.729364	0.60515	0.821107	0.719561	0.881023	0.561596	0.720722	0.780911	0.993833	0.546122	0.645343	0.74189	0.692398	0.755283	0.835352	0.565741	0	0.686967	0.727835	0.643213	0.777775	0.910486	0.838057	0.752681	0.640085	0.869092	0.702642	0.540081	0.690842	0.939098	0.471296	0.494237	0.776723	0.544691	0.611592	0.903401	0.849281	0.795737	0.880972	0.470072	0.805484	0.933446	0.803536	0.470449	0.943348	0.706179	0.975936	0.792563	0.571648	0.714905	0.906825	0.909285	0.527548	0.600539	0.479302	0.519042	0.689981	0.883917	0.4865	0.556912	0.666063	0.740026	0.637532	0.478056	0.76235	0.912835	0.703603	0.846443	0.653478	0.732108	0.621759	0.569564	0.522523	0.963303	0.956963	0.868326	0.503793	0.564783	0.630258	0.902346	0.50435	0.660789	0.500005	0.651295	0.998124	0.656205	0.469597	0.460862	0.622491	0.559652	0.722744	0.527337	0.829039	0.988785	0.653741	0.78912	0.808267	0.855747	0.97022	0.619672	0.517366	0.508376	0.61626	0.672861	0.549799	0.996033	0.895762	0.975752	0.94481	0.78641	0.838679	0.962018	0.566415	0.585091	0.955858	0.484966	0.618426	0.91201	0.799314	0.956938	0.384842	0.548264	0.574262	0.701357	0.784354	0.575193	0.695478	0.639258	0.643485	0.72163	0.744968	0.758447	0.814791	0.6029	0.965004	0.528857	0.901503	0.758143	0.925219	0.503142	0.571509	0.649501	0.950904	0.889144	0.597138	0.860847	0.601105	0.751649	0.673887	0.817873	0.664385
SRR6468530	0.860303	0.68166	0.643011	0.533804	0.783399	0.491724	0.754921	0.598256	0.894543	0.744357	0.726604	0.774053	0.994301	0.541908	0.418585	0.476163	0.761346	0.749577	0.674052	0.532714	0.686967	0	0.592685	0.688925	0.713014	0.886773	0.798275	0.61415	0.503921	0.780628	0.713232	0.586473	0.730374	0.868665	0.638676	0.612117	0.709751	0.470375	0.597048	0.851889	0.850427	0.481885	0.835589	0.548021	0.724066	0.943198	0.87149	0.504612	0.943333	0.686912	0.979382	0.740763	0.852763	0.679342	0.919363	0.620881	0.515179	0.57726	0.559332	0.710043	0.659397	0.84838	0.61796	0.372434	0.706799	0.62515	0.659137	0.726191	0.807253	0.849661	0.363823	0.757909	0.64869	0.724564	0.544361	0.635616	0.566342	0.96981	0.872868	0.76434	0.617523	0.644025	0.676127	0.923104	0.446241	0.477891	0.670672	0.593087	0.998103	0.618259	0.682843	0.598209	0.612166	0.599818	0.703645	0.582402	0.744098	0.988184	0.802836	0.819056	0.885848	0.738691	0.976058	0.696264	0.541281	0.578088	0.720901	0.616319	0.555244	0.996124	0.918574	0.978888	0.94434	0.748353	0.741243	0.911424	0.700848	0.756833	0.988422	0.55315	0.342072	0.584928	0.699652	0.567645	0.581458	0.554214	0.425194	0.604578	0.720609	0.6019	0.700212	0.658582	0.689925	0.698565	0.638682	0.574188	0.792671	0.641697	0.964262	0.659948	0.84651	0.711906	0.933609	0.711777	0.584576	0.669357	0.936257	0.758365	0.7517	0.862035	0.660639	0.819858	0.57565	0.767767	0.55456
SRR6468559	0.887557	0.637501	0.459726	0.599965	0.844037	0.679664	0.699824	0.656478	0.873599	0.798592	0.547784	0.739886	0.993304	0.491371	0.483286	0.759579	0.706323	0.700914	0.685922	0.539641	0.727835	0.592685	0	0.755083	0.561683	0.861299	0.798371	0.744254	0.686083	0.839857	0.809608	0.44684	0.701623	0.649203	0.742479	0.669886	0.623614	0.645378	0.421536	0.799612	0.733948	0.58956	0.585619	0.56402	0.470429	0.930953	0.829826	0.655915	0.872108	0.700708	0.980493	0.559288	0.817453	0.732915	0.908271	0.863538	0.636526	0.739382	0.596257	0.793697	0.488661	0.864435	0.741296	0.608882	0.623425	0.409504	0.648809	0.753934	0.77272	0.786734	0.567936	0.493484	0.555318	0.777495	0.580373	0.74899	0.599947	0.962665	0.620966	0.481047	0.747623	0.690976	0.702861	0.914526	0.627222	0.615645	0.691724	0.445798	0.995252	0.624186	0.758687	0.580242	0.46916	0.556887	0.694692	0.648188	0.548418	0.989217	0.870076	0.848421	0.863975	0.602497	0.96087	0.67481	0.623618	0.694097	0.764391	0.584311	0.576635	0.983252	0.916547	0.962739	0.926671	0.703159	0.514002	0.878317	0.599102	0.822157	0.985207	0.711433	0.681835	0.829523	0.668086	0.71307	0.605269	0.575572	0.480542	0.744464	0.720694	0.392724	0.72952	0.552997	0.757851	0.73056	0.613798	0.550482	0.824977	0.60396	0.952306	0.69929	0.7237	0.696519	0.912152	0.751109	0.51935	0.677369	0.912746	0.576375	0.801949	0.875247	0.545282	0.711516	0.468723	0.794283	0.513463
SRR6468560	0.861238	0.681699	0.670539	0.549645	0.799511	0.680523	0.866237	0.609166	0.824389	0.542673	0.679347	0.747779	0.990685	0.59233	0.679545	0.80603	0.517327	0.735818	0.802923	0.612929	0.643213	0.688925	0.755083	0	0.716308	0.863557	0.82228	0.80155	0.701398	0.803171	0.680747	0.622512	0.687117	0.91167	0.635781	0.547763	0.742842	0.559578	0.528174	0.604149	0.805813	0.786376	0.893976	0.568307	0.827083	0.909917	0.831785	0.518855	0.938953	0.771202	0.962396	0.767287	0.885368	0.560385	0.898137	0.92946	0.460699	0.659702	0.605349	0.760948	0.572504	0.845698	0.60157	0.566197	0.350056	0.693455	0.675147	0.613478	0.84442	0.87346	0.614639	0.773642	0.626485	0.75048	0.709298	0.619425	0.543345	0.944202	0.875398	0.847267	0.580885	0.630314	0.675684	0.881448	0.58427	0.559818	0.563835	0.607312	0.995302	0.576178	0.724808	0.639036	0.552389	0.582769	0.479038	0.585625	0.839572	0.977297	0.68423	0.832156	0.919484	0.749115	0.960157	0.765875	0.660807	0.622012	0.772827	0.57442	0.558184	0.996121	0.810045	0.960778	0.941726	0.801704	0.781397	0.833525	0.670569	0.624665	0.971875	0.603448	0.743301	0.848464	0.753908	0.942836	0.568191	0.62753	0.694226	0.689178	0.654751	0.639675	0.678297	0.544668	0.67609	0.682678	0.665147	0.755023	0.775392	0.6104	0.960314	0.804764	0.915568	0.731284	0.91753	0.551328	0.634271	0.468185	0.717815	0.947126	0.749217	0.828051	0.575297	0.891742	0.60749	0.765372	0.511656
SRR6468561	0.901632	0.595711	0.497114	0.670924	0.839876	0.751496	0.772848	0.749376	0.909766	0.769948	0.567879	0.796243	0.971283	0.582724	0.621168	0.856956	0.79416	0.762261	0.875901	0.590884	0.777775	0.713014	0.561683	0.716308	0	0.862493	0.81265	0.844699	0.803299	0.878695	0.781554	0.596755	0.787833	0.759183	0.781969	0.74235	0.706189	0.724474	0.503188	0.888774	0.836793	0.769124	0.712182	0.669624	0.656496	0.847546	0.875924	0.73449	0.745119	0.817047	0.952881	0.630909	0.919886	0.742145	0.946197	0.931555	0.619873	0.789339	0.604163	0.817606	0.559353	0.718554	0.741664	0.669608	0.658968	0.630984	0.774934	0.677514	0.847493	0.863884	0.682324	0.681953	0.543884	0.763993	0.711818	0.764847	0.654471	0.94048	0.765368	0.691049	0.702183	0.659793	0.750911	0.90414	0.648924	0.665171	0.602985	0.608262	0.969959	0.565076	0.789164	0.622449	0.49022	0.584573	0.709647	0.679602	0.659692	0.989706	0.731284	0.877923	0.876408	0.723927	0.875465	0.79828	0.762641	0.721767	0.811439	0.539094	0.64059	0.636158	0.905208	0.658577	0.76526	0.811182	0.582556	0.897276	0.616056	0.745512	0.932062	0.700567	0.802206	0.810445	0.77872	0.79468	0.642761	0.746565	0.616909	0.755379	0.863982	0.557812	0.762063	0.566678	0.744593	0.673041	0.678656	0.655867	0.799589	0.638114	0.63688	0.822722	0.707711	0.816898	0.90917	0.763297	0.580569	0.726724	0.585889	0.760984	0.815596	0.875667	0.576702	0.865083	0.47677	0.774487	0.535634
SRR6468562	0.963359	0.886079	0.841741	0.879096	0.961728	0.88709	0.90309	0.820707	0.958565	0.873932	0.903926	0.906486	0.991455	0.890464	0.835419	0.931236	0.859238	0.861625	0.875935	0.864717	0.910486	0.886773	0.861299	0.863557	0.862493	0	0.875869	0.90948	0.931056	0.941854	0.935918	0.886787	0.897776	0.917948	0.941847	0.854813	0.836599	0.861134	0.858562	0.88723	0.940274	0.883223	0.924972	0.885461	0.887039	0.978897	0.957461	0.82677	0.93104	0.929789	0.988355	0.903388	0.936356	0.850088	0.961192	0.963817	0.840438	0.910853	0.897521	0.949163	0.904138	0.945755	0.906259	0.866864	0.821035	0.861847	0.88894	0.919501	0.894955	0.915515	0.8094	0.900138	0.861348	0.898843	0.889711	0.83066	0.85388	0.987977	0.917229	0.887145	0.903569	0.920227	0.895053	0.975407	0.895181	0.828186	0.856228	0.846094	0.994864	0.893122	0.945697	0.921375	0.870924	0.856571	0.844253	0.855151	0.890097	0.985464	0.950699	0.956134	0.938565	0.817675	0.983995	0.927339	0.882902	0.87295	0.948823	0.811854	0.88929	0.993606	0.952844	0.988952	0.978318	0.930504	0.815874	0.901911	0.911261	0.923544	0.983175	0.894508	0.910958	0.96074	0.912344	0.937653	0.865265	0.882456	0.859398	0.91841	0.839153	0.88165	0.904756	0.898937	0.874198	0.86574	0.884833	0.896012	0.940397	0.90735	0.951223	0.868538	0.912861	0.915303	0.966121	0.884934	0.901422	0.812249	0.895112	0.941671	0.923109	0.958683	0.919718	0.907371	0.846129	0.859036	0.873201
SRR6468563	0.902769	0.803984	0.825303	0.804181	0.884715	0.807269	0.858108	0.763424	0.816818	0.848004	0.841246	0.83018	0.877201	0.806202	0.793451	0.851483	0.83958	0.821332	0.884694	0.760556	0.838057	0.798275	0.798371	0.82228	0.81265	0.875869	0	0.860997	0.817758	0.872991	0.828436	0.818042	0.795032	0.873109	0.681315	0.769875	0.819461	0.786445	0.817161	0.896539	0.879182	0.816822	0.890661	0.787416	0.811511	0.925284	0.896963	0.796908	0.901996	0.848964	0.859263	0.813904	0.872836	0.833804	0.920076	0.908964	0.800456	0.82217	0.806025	0.857984	0.784149	0.84956	0.785441	0.7794	0.855479	0.806833	0.805336	0.758719	0.814755	0.888434	0.809885	0.836304	0.83248	0.822071	0.80879	0.828181	0.788657	0.870327	0.905667	0.844378	0.791072	0.835161	0.775589	0.902188	0.818054	0.79082	0.795897	0.812552	0.962732	0.74137	0.820725	0.829576	0.801129	0.826722	0.829216	0.808683	0.854631	0.911469	0.865802	0.87176	0.843603	0.851912	0.660771	0.837001	0.804737	0.815702	0.817818	0.819286	0.813304	0.974892	0.933143	0.959114	0.937287	0.847972	0.823846	0.935657	0.83312	0.792798	0.841263	0.798485	0.83115	0.857917	0.826116	0.901673	0.781145	0.797965	0.787945	0.831869	0.844968	0.805584	0.862842	0.824547	0.831359	0.825204	0.811117	0.823118	0.847022	0.823684	0.913469	0.838933	0.859251	0.848033	0.913681	0.840061	0.817751	0.830524	0.915691	0.89953	0.87532	0.842377	0.843444	0.874552	0.806018	0.84539	0.803854
