	SRR6468502	SRR6468504	SRR6468505	SRR6468506	SRR6468507	SRR6468508	SRR6468509	SRR6468510	SRR6468511	SRR6468512	SRR6468513	SRR6468520	SRR6468521	SRR6468522	SRR6468523	SRR6468524	SRR6468525	SRR6468526	SRR6468527	SRR6468528	SRR6468529	SRR6468530	SRR6468559	SRR6468560	SRR6468561	SRR6468562	SRR6468563	SRR6468564	SRR6468567	SRR6468568	SRR6468569	SRR6468570	SRR6468571	SRR6468572	SRR6468573	SRR6468574	SRR6468575	SRR6468576	SRR6468579	SRR6468580	SRR6468581	SRR6468582	SRR6468583	SRR6468584	SRR6468585	SRR6468586	SRR6468587	SRR6468588	SRR6468589	SRR6468590	SRR6468591	SRR6468592	SRR6468593	SRR6468594	SRR6468595	SRR6468596	SRR6468597	SRR6468598	SRR6468599	SRR6468600	SRR6468601	SRR6468602	SRR6468603	SRR6468604	SRR6468605	SRR6468606	SRR6468607	SRR6468608	SRR6468609	SRR6468610	SRR6468611	SRR6468612	SRR6468613	SRR6468614	SRR6468615	SRR6468616	SRR6468617	SRR6468618	SRR6468619	SRR6468620	SRR6468621	SRR6468622	SRR6468623	SRR6468624	SRR6468625	SRR6468626	SRR6468627	SRR6468628	SRR6468629	SRR6468630	SRR6468631	SRR6468632	SRR6468633	SRR6468634	SRR6468635	SRR6468636	SRR6468637	SRR6468638	SRR6468639	SRR6468640	SRR6468652	SRR6468653	SRR6468654	SRR6468655	SRR6468656	SRR6468657	SRR6468658	SRR6468659	SRR6468660	SRR6468661	SRR6468662	SRR6468663	SRR6468664	SRR6468665	SRR6468666	SRR6468667	SRR6468668	SRR6468671	SRR6468672	SRR6468673	SRR6468674	SRR6468675	SRR6468676	SRR6468677	SRR6468678	SRR6468679	SRR6468680	SRR6468681	SRR6468682	SRR6468683	SRR6468684	SRR6468685	SRR6468686	SRR6468687	SRR6468688	SRR6468689	SRR6468690	SRR6468691	SRR6468692	SRR6468693	SRR6468694	SRR6468695	SRR6468696	SRR6468697	SRR6468698	SRR6468699	SRR6468700	SRR6468701	SRR6468702	SRR6468703	SRR6468704	SRR6468705	SRR6468706	SRR6468708	SRR6468709
SRR6468502	0	0.858773	0.909762	0.932075	0.695043	0.929232	0.921982	0.923564	0.881738	0.912189	0.682277	0.81541	0.985188	0.904788	0.91939	0.915303	0.783807	0.761277	0.68454	0.925271	0.94181	0.915493	0.777009	0.842358	0.828078	1	1	0.782666	0.916085	0.665658	0.86103	0.94352	0.70567	0.872477	0.840355	0.930912	0.766159	0.934428	0.885755	0.722872	0.784915	0.83612	0.830836	0.802165	0.745872	0.76788	0.701064	0.927944	0.972896	0.74636	0.8836	0.80661	0.833424	0.928214	0.635819	0.712566	0.926879	0.900788	0.91586	0.868122	0.749673	0.708428	0.857347	0.933844	0.918399	0.825872	0.926808	0.691685	0.736047	0.83525	0.953478	0.724185	0.933745	0.971731	0.944378	0.98231	0.953684	0.866583	0.797732	0.71847	0.87913	0.930606	0.79969	0.609629	0.933927	0.901702	0.946281	0.926536	0.959303	0.891187	0.861615	0.804505	0.846154	0.956218	0.88198	0.963687	0.777275	0.965769	0.798204	0.733161	0.887942	0.823157	0.773813	0.793341	0.928887	0.969895	0.866986	0.912297	0.888589	0.855001	0.718169	0.832206	0.684961	0.79798	0.770179	0.925339	0.727193	0.898953	0.952834	0.945303	0.896875	0.581164	0.753612	0.816053	0.891402	0.949196	0.842336	0.769611	0.928625	0.822181	0.843092	0.853087	0.95236	0.938461	0.921686	0.908731	0.61112	0.835779	0.817424	0.843922	0.782205	0.870009	0.654886	0.83367	0.901322	0.887874	0.789738	0.773707	0.969723	0.645076	0.924537	0.742817	0.894451	0.95387	0.902196
SRR6468504	0.858773	0	0.826642	0.856544	0.762565	0.90082	0.85377	0.924531	0.976809	0.842155	0.825275	0.872411	1	0.883127	0.881864	0.884527	0.902172	0.911024	0.912502	0.872028	0.900029	0.877187	0.814884	0.840547	0.794666	1	1	0.895652	0.875345	0.864677	0.817759	0.686358	0.851676	0.926154	0.822753	0.853227	0.8898	0.915553	0.847239	0.933874	0.817987	0.892497	0.809488	0.841576	0.850053	0.876925	0.936425	0.87806	1	0.845632	0.897241	0.793171	0.842111	0.892137	0.996669	0.91547	0.844467	0.881605	0.785256	0.875533	0.759624	0.88952	0.79122	0.879526	0.907111	0.926529	0.876744	0.756137	0.873576	0.903822	0.906361	0.891717	0.855003	0.886506	0.896611	0.937835	0.895129	0.947595	0.874942	0.7951	0.805426	0.777752	0.876704	0.884587	0.825511	0.870714	0.847521	0.808837	0.977956	0.802688	0.816068	0.772606	0.821744	0.862494	0.88949	0.922107	0.936129	0.943768	0.733317	0.86666	0.75534	0.950578	0.921376	0.873475	0.873547	0.901077	0.836133	0.851652	0.773445	0.963249	0.843815	0.948336	0.939193	0.802009	0.867368	0.96714	0.862165	0.860031	1	0.888546	0.848157	0.816317	0.916679	0.885582	0.829191	0.865305	0.784355	0.863816	0.958843	0.816022	0.85045	0.856546	0.863986	0.865992	0.853212	0.903642	0.886172	0.88249	0.910648	0.877838	0.847829	0.923299	0.914577	0.855498	0.723778	0.91535	0.876918	0.865106	0.899708	0.906952	0.821067	0.831581	0.789262	0.818309	0.821471
SRR6468505	0.909762	0.826642	0	0.64663	0.866699	0.706615	0.529875	0.715809	0.953666	0.70405	0.852601	0.700596	0.986599	0.654693	0.623	0.586941	0.743316	0.743225	0.86671	0.628388	0.6854	0.644459	0.63744	0.635355	0.601457	1	0.986599	0.725143	0.658892	0.842449	0.714289	0.799475	0.718222	0.909122	0.656025	0.644567	0.696873	0.733659	0.637679	0.839423	0.763264	0.743305	0.866195	0.646263	0.633162	0.946759	0.814298	0.607646	1	0.805861	0.968008	0.897114	0.7934	0.70319	0.938362	0.930553	0.539097	0.704478	0.635078	0.718774	0.751571	0.899719	0.617576	0.603418	0.644967	0.60593	0.641356	0.721924	0.655306	0.75145	0.682162	0.695547	0.576284	0.628702	0.665461	0.766889	0.643429	0.949581	0.865694	0.69532	0.577186	0.597457	0.651884	0.92689	0.554828	0.572662	0.558177	0.501383	0.977957	0.644218	0.672284	0.73357	0.673662	0.636452	0.676573	0.687771	0.815946	0.973212	0.711493	0.917784	0.808589	0.706865	0.965771	0.654898	0.634225	0.698377	0.640573	0.532129	0.620545	0.981792	0.893589	0.978512	0.907595	0.661283	0.587638	0.92563	0.815129	0.923691	0.986599	0.712023	0.629789	0.82421	0.791012	0.929744	0.579392	0.618263	0.579469	0.672158	0.844513	0.594652	0.594305	0.65797	0.597483	0.574757	0.578431	0.688208	0.843948	0.754765	1	0.68135	0.89979	0.731293	0.910615	0.670729	0.648236	0.662536	0.978573	0.959207	0.758969	0.890835	0.664604	0.800515	0.482361	0.61283	0.521872
SRR6468506	0.932075	0.856544	0.64663	0	0.862463	0.62897	0.738124	0.658914	0.932944	0.614168	0.852465	0.858208	1	0.587762	0.613466	0.628516	0.794897	0.768703	0.930179	0.56389	0.627744	0.56304	0.737013	0.652161	0.685459	0.989891	0.995862	0.809385	0.678324	0.867714	0.823773	0.802161	0.791262	0.94001	0.713471	0.601202	0.824053	0.610602	0.586573	0.893458	0.80212	0.685263	0.920318	0.648685	0.738769	0.956511	0.916731	0.527105	1	0.833149	0.985368	0.907801	0.812041	0.576763	0.986756	0.975515	0.56536	0.701824	0.620685	0.756942	0.78508	0.932786	0.609834	0.584464	0.652394	0.7173	0.767468	0.784273	0.775142	0.861763	0.637239	0.82046	0.638699	0.675319	0.632831	0.764139	0.635399	0.991636	0.925632	0.742826	0.588509	0.666476	0.718744	0.971057	0.649878	0.587418	0.630708	0.548774	0.981954	0.658687	0.741576	0.748758	0.725626	0.507342	0.690948	0.652598	0.885695	0.97475	0.78558	0.931596	0.88375	0.820131	0.965453	0.755189	0.571129	0.645195	0.684032	0.617101	0.615342	0.981214	0.911189	0.973044	0.96205	0.775022	0.693096	0.96415	0.877037	0.940088	1	0.69414	0.599497	0.889323	0.887294	0.955739	0.589884	0.545795	0.707997	0.716319	0.739967	0.608671	0.763082	0.678793	0.585441	0.619863	0.611175	0.6617	0.887366	0.76243	0.984519	0.786128	0.942116	0.73002	0.964709	0.803671	0.720364	0.671136	0.986882	0.971887	0.749764	0.901476	0.736946	0.878099	0.617758	0.675477	0.56785
SRR6468507	0.695043	0.762565	0.866699	0.862463	0	0.844054	0.867478	0.904979	0.920195	0.857267	0.769107	0.793097	0.958287	0.883806	0.872395	0.885483	0.869833	0.817131	0.865233	0.869829	0.877671	0.898808	0.783503	0.782797	0.795163	1	1	0.859312	0.898415	0.79039	0.781532	0.717089	0.748809	0.944209	0.758806	0.892856	0.806627	0.923969	0.866602	0.906546	0.790099	0.873565	0.766577	0.856317	0.848183	0.837344	0.750352	0.873228	1	0.788261	0.935799	0.716304	0.866821	0.914627	0.94139	0.793872	0.872701	0.851501	0.777946	0.884579	0.764331	0.754165	0.784963	0.883797	0.912636	0.879018	0.900418	0.730951	0.791043	0.883139	0.9203	0.824369	0.885325	0.91291	0.914092	0.944346	0.920905	0.827097	0.840267	0.747074	0.818001	0.833197	0.812727	0.841772	0.847388	0.855623	0.848957	0.87685	0.921795	0.859964	0.806031	0.697062	0.747997	0.902346	0.854876	0.938574	0.83872	0.953502	0.766757	0.734382	0.688836	0.934414	0.879455	0.784565	0.866227	0.909703	0.811911	0.882139	0.842785	0.947979	0.885218	0.912498	0.875007	0.825131	0.816838	0.969735	0.744095	0.824692	0.958287	0.893517	0.875916	0.749651	0.731137	0.86969	0.818236	0.872392	0.783823	0.760372	0.969034	0.808094	0.879843	0.866183	0.837104	0.904782	0.896274	0.911424	0.768649	0.921329	0.917991	0.785989	0.809115	0.927759	0.82248	0.790529	0.758318	0.855451	0.91392	0.79034	0.885618	0.742636	0.807657	0.821293	0.860368	0.888143	0.823052
SRR6468508	0.929232	0.90082	0.706615	0.62897	0.844054	0	0.807139	0.741445	0.952857	0.677977	0.837544	0.782754	0.99015	0.637104	0.606929	0.664551	0.753948	0.755138	0.848516	0.679518	0.661212	0.630114	0.757714	0.704847	0.810261	0.991582	0.986012	0.753241	0.712888	0.846543	0.785951	0.832099	0.744902	0.952157	0.679071	0.692077	0.78741	0.704883	0.668594	0.855934	0.834371	0.678872	0.927429	0.685188	0.754261	0.954017	0.84448	0.655653	1	0.844332	0.979427	0.923178	0.761884	0.656187	0.96603	0.956174	0.676203	0.70993	0.710162	0.728691	0.78277	0.947916	0.730405	0.650505	0.693543	0.648633	0.743719	0.803855	0.743827	0.867773	0.671831	0.746907	0.692582	0.731167	0.750253	0.820478	0.689214	0.974984	0.911407	0.764086	0.694933	0.750914	0.74618	0.941175	0.682727	0.652691	0.667351	0.681817	0.98767	0.721903	0.774614	0.801354	0.719826	0.677502	0.640205	0.631346	0.817951	0.978313	0.830005	0.918416	0.866898	0.735806	0.964598	0.758191	0.632603	0.677246	0.751286	0.615515	0.683362	0.990077	0.922073	0.985855	0.95308	0.819791	0.708148	0.953525	0.865117	0.959121	0.99015	0.735152	0.714725	0.89737	0.84342	0.954602	0.65943	0.60998	0.714624	0.726732	0.699387	0.623593	0.773418	0.728064	0.661627	0.701266	0.623663	0.645264	0.871185	0.726696	0.97714	0.776793	0.935385	0.715064	0.964139	0.795226	0.798915	0.714467	0.996949	0.971753	0.813848	0.890352	0.846169	0.869007	0.712757	0.785914	0.684151
SRR6468509	0.921982	0.85377	0.529875	0.738124	0.867478	0.807139	0	0.776631	0.922329	0.755679	0.748271	0.737427	1	0.726522	0.703537	0.74797	0.813363	0.768975	0.828049	0.720818	0.742464	0.759269	0.617062	0.714376	0.68861	1	0.997515	0.791656	0.775059	0.858682	0.762009	0.787797	0.707331	0.907391	0.760039	0.757941	0.704834	0.813603	0.74252	0.904144	0.721649	0.796421	0.849471	0.728591	0.689192	0.958763	0.838433	0.735513	1	0.834196	0.975022	0.873765	0.851669	0.766654	0.940459	0.90773	0.726877	0.753445	0.681275	0.779777	0.776887	0.882597	0.686791	0.716197	0.747952	0.698822	0.739495	0.798944	0.698929	0.761975	0.762206	0.74968	0.700381	0.752567	0.793316	0.844581	0.76606	0.960371	0.844749	0.689296	0.713272	0.70627	0.740131	0.932552	0.707192	0.704779	0.691367	0.658759	0.971659	0.70882	0.706435	0.672056	0.699524	0.746107	0.743188	0.777286	0.776681	0.977001	0.794035	0.945548	0.85949	0.735099	0.97284	0.711886	0.715531	0.793619	0.758822	0.717022	0.690135	0.975338	0.90802	0.960778	0.919056	0.711398	0.647039	0.930503	0.769741	0.954474	1	0.789016	0.735593	0.876279	0.725463	0.874868	0.727857	0.701141	0.635852	0.700993	0.891107	0.675101	0.679346	0.720574	0.676936	0.689539	0.729027	0.76098	0.871725	0.788416	1	0.636683	0.860492	0.781612	0.919018	0.677811	0.739535	0.710131	0.970072	0.930546	0.796466	0.902398	0.758411	0.697891	0.595402	0.700172	0.652455
SRR6468510	0.923564	0.924531	0.715809	0.658914	0.904979	0.741445	0.776631	0	0.926135	0.740527	0.884698	0.861759	0.987836	0.688107	0.634663	0.673877	0.789625	0.788688	0.904647	0.65233	0.698845	0.641459	0.827566	0.776268	0.797393	1	0.995862	0.795971	0.73682	0.892344	0.844069	0.853292	0.813608	0.935583	0.770008	0.672419	0.804739	0.66417	0.713537	0.902552	0.922307	0.808568	0.953137	0.772683	0.752777	0.933943	0.889048	0.643324	1	0.860846	0.962695	0.926622	0.834777	0.733175	0.961776	0.964194	0.673575	0.768331	0.80474	0.777765	0.825877	0.927584	0.768028	0.634502	0.703196	0.762581	0.781042	0.852997	0.778823	0.883112	0.661763	0.827874	0.701114	0.747082	0.723074	0.755521	0.698844	0.95825	0.923891	0.84928	0.779801	0.808075	0.769266	0.935924	0.781176	0.65091	0.644012	0.669107	0.951404	0.737829	0.79268	0.883884	0.786091	0.616299	0.759908	0.671563	0.899301	0.981701	0.867445	0.942922	0.915266	0.778063	0.940284	0.847533	0.652834	0.681597	0.777277	0.674991	0.735737	0.946374	0.919983	0.921668	0.93268	0.8241	0.741477	0.94062	0.890374	0.980921	1	0.759824	0.705566	0.921534	0.868545	0.942337	0.655231	0.661494	0.764424	0.77886	0.820975	0.694793	0.827785	0.763465	0.688104	0.675908	0.706308	0.747398	0.924456	0.766438	0.958649	0.781531	0.955106	0.784459	0.954142	0.817927	0.833087	0.729619	0.951129	0.953873	0.731043	0.925451	0.898086	0.892213	0.699465	0.743756	0.708182
SRR6468511	0.881738	0.976809	0.953666	0.932944	0.920195	0.952857	0.922329	0.926135	0	0.948124	0.861434	0.960003	0.897815	0.936339	0.956958	0.962613	0.956483	0.87839	0.92085	0.941465	0.956395	0.957005	0.946252	0.933958	0.92815	1	0.968094	0.989402	0.930953	0.92062	0.95887	1	0.873596	0.711138	0.950438	0.942982	0.922197	0.959904	0.955747	0.980894	0.964719	0.936773	0.934262	0.95276	0.838059	0.766704	0.868212	0.943566	1	0.957912	0.87376	0.966553	0.911161	0.950585	0.91284	0.859177	0.983621	0.964821	0.939156	0.926427	0.971799	0.788752	0.919973	0.966473	0.962984	0.957634	0.975601	0.898041	0.918976	0.884541	0.970165	0.91036	0.968305	0.95773	0.956428	0.975897	0.947337	0.828469	0.739843	0.904651	0.947887	0.962991	0.884995	0.846869	0.960547	0.940179	0.952982	0.943489	0.901129	0.865938	0.884602	0.938571	0.960123	0.969678	0.939485	0.965833	0.933636	0.832666	0.896664	0.967917	0.927183	0.937997	0.811449	0.913906	0.935639	0.968659	0.914828	0.954191	0.972601	0.895268	0.900504	0.815308	0.8598	0.873057	0.897689	0.881359	0.854473	1	0.968215	0.977803	0.961227	0.821319	0.893614	0.956062	0.953456	0.948622	0.919509	0.917616	0.965325	0.926109	0.965138	0.935465	0.947652	0.947951	0.951004	0.949269	0.866439	0.931552	0.863789	0.897566	0.778131	0.974021	0.912489	0.963502	0.953651	0.922409	0.875865	0.914996	0.976782	0.938913	0.973438	0.864795	0.952907	0.950812	0.950228
SRR6468512	0.912189	0.842155	0.70405	0.614168	0.857267	0.677977	0.755679	0.740527	0.948124	0	0.864989	0.783134	0.984075	0.583559	0.599598	0.61641	0.718457	0.779799	0.890367	0.581639	0.607085	0.659713	0.663767	0.613117	0.727752	0.990287	0.984075	0.753694	0.671404	0.897061	0.765942	0.80889	0.782431	0.954407	0.660378	0.610191	0.893492	0.699123	0.548231	0.838426	0.732323	0.722211	0.927957	0.639089	0.77499	0.955977	0.834345	0.565014	1	0.834438	0.979373	0.9219	0.84489	0.635319	0.975454	0.9347	0.549131	0.714141	0.660766	0.730544	0.706011	0.936199	0.651342	0.620455	0.66864	0.755146	0.699226	0.745493	0.804789	0.934713	0.685177	0.803467	0.620137	0.708714	0.690406	0.794196	0.64784	0.960814	0.927747	0.764422	0.557017	0.655759	0.732876	0.917411	0.58981	0.586093	0.555433	0.514431	1	0.686531	0.702883	0.721248	0.676027	0.58823	0.628501	0.673666	0.895379	0.96417	0.742573	0.910834	0.874107	0.778884	0.958532	0.692547	0.566538	0.665329	0.652254	0.553709	0.558251	0.991479	0.886428	0.972181	0.940092	0.739788	0.708923	0.949874	0.848348	0.946108	0.984075	0.64439	0.663196	0.857692	0.90346	0.969578	0.544819	0.59612	0.67379	0.60929	0.850704	0.621108	0.754116	0.624763	0.591932	0.634209	0.569211	0.635111	0.865599	0.732667	0.980998	0.76912	0.968684	0.693629	0.945901	0.72041	0.745022	0.609541	0.978008	0.980599	0.77362	0.900525	0.730217	0.862407	0.65449	0.631006	0.572304
SRR6468513	0.682277	0.825275	0.852601	0.852465	0.769107	0.837544	0.748271	0.884698	0.861434	0.864989	0	0.772496	1	0.858718	0.854181	0.872769	0.788404	0.685504	0.699685	0.896806	0.89362	0.876329	0.637649	0.818645	0.776151	1	0.993377	0.780309	0.882809	0.822834	0.814952	0.838594	0.701253	0.864657	0.843326	0.889483	0.690082	0.9032	0.826469	0.736351	0.671289	0.833563	0.865198	0.676502	0.730459	0.895839	0.751851	0.872846	0.98243	0.719157	0.945337	0.816205	0.843425	0.826451	0.868841	0.85603	0.866735	0.858048	0.765337	0.84401	0.734813	0.805046	0.873984	0.879692	0.854621	0.7516	0.872142	0.777702	0.762456	0.754038	0.891108	0.73342	0.87602	0.913155	0.904419	0.952918	0.9067	0.949588	0.762779	0.655312	0.845503	0.847943	0.758604	0.818457	0.842978	0.832007	0.844655	0.847127	0.976323	0.828333	0.837478	0.704082	0.736835	0.875185	0.816109	0.890141	0.681764	0.990153	0.820353	0.819694	0.823238	0.787013	0.903342	0.7241	0.862517	0.911655	0.918677	0.838107	0.804762	0.951522	0.776133	0.922452	0.858533	0.829955	0.776964	0.899353	0.690534	0.940219	1	0.923245	0.868724	0.805047	0.662721	0.809005	0.856529	0.882963	0.748014	0.764388	0.891731	0.737342	0.823482	0.841639	0.861705	0.868202	0.845966	0.836	0.789775	0.799739	0.89982	0.767878	0.763318	0.839804	0.825676	0.845376	0.752774	0.811233	0.889162	0.874483	0.936971	0.72796	0.899592	0.666978	0.770845	0.876587	0.834988
SRR6468520	0.81541	0.872411	0.700596	0.858208	0.793097	0.782754	0.737427	0.861759	0.960003	0.783134	0.772496	0	0.977247	0.77353	0.742285	0.827311	0.692722	0.689037	0.684463	0.825812	0.801612	0.830085	0.680794	0.715479	0.814948	1	0.977246	0.701844	0.820457	0.759619	0.66367	0.846441	0.612328	0.893466	0.744441	0.7685	0.629765	0.871066	0.807594	0.663521	0.700682	0.73229	0.799628	0.6914	0.665582	0.93046	0.597771	0.836623	0.98783	0.67224	0.950409	0.90576	0.824513	0.760038	0.877068	0.804836	0.74748	0.719315	0.749208	0.748303	0.660997	0.78495	0.806738	0.790178	0.787509	0.717618	0.720541	0.688894	0.615938	0.681619	0.859997	0.589172	0.79099	0.86071	0.87502	0.928103	0.849388	0.827619	0.802517	0.639391	0.778064	0.807675	0.652282	0.756001	0.78397	0.76615	0.767815	0.774536	0.977957	0.82848	0.716192	0.62963	0.678733	0.82896	0.685849	0.828486	0.714125	0.96179	0.816915	0.754706	0.843536	0.698949	0.9268	0.59225	0.807353	0.866206	0.809823	0.713294	0.748641	0.983633	0.819071	0.965615	0.825575	0.810751	0.653425	0.921637	0.711316	0.951141	0.977247	0.860124	0.767184	0.790297	0.615089	0.807826	0.7827	0.787669	0.688903	0.638217	0.846201	0.677987	0.728681	0.775949	0.801873	0.835127	0.769643	0.741846	0.81344	0.703858	0.98783	0.609217	0.873637	0.720988	0.840363	0.704755	0.764196	0.765432	0.915252	0.89349	0.930691	0.87387	0.890355	0.730049	0.731272	0.807211	0.782508
SRR6468521	0.985188	1	0.986599	1	0.958287	0.99015	1	0.987836	0.897815	0.984075	1	0.977247	0	0.997687	0.99171	1	0.976981	0.978542	0.978946	0.982809	0.992053	0.99575	1	0.978204	0.977376	1	0.842306	0.996791	0.986767	0.947121	1	1	0.964438	0.928099	0.979444	1	1	0.989167	0.992894	0.989189	1	0.983892	0.923259	0.989307	0.938644	0.88227	0.989783	0.990483	1	1	0.870687	1	0.98269	1	0.96311	0.970389	0.988274	0.997722	0.993734	0.964904	0.965191	0.950758	0.978902	0.992852	0.998944	0.995517	0.992153	0.952165	0.954018	1	1	0.967898	1	0.992176	0.991502	0.998725	0.99135	0.762342	0.937971	0.982908	0.991417	0.996223	0.946287	0.942259	1	0.990717	0.985851	0.995265	0.727038	0.975507	0.976908	1	0.980389	1	0.976126	0.992917	0.982642	0.682988	0.960072	0.982722	0.951344	0.979184	0.941395	1	0.995276	0.997128	0.95917	0.994152	1	0.972503	0.9565	0.970386	0.975654	0.979335	0.968519	0.941768	0.986529	1	0.781061	0.991747	1	0.947061	0.972849	0.993802	0.98009	1	1	0.982026	1	0.988516	1	0.987331	1	0.994594	0.989239	0.992503	0.961785	0.974527	0.878799	0.988564	0.971181	1	1	0.982786	1	1	0.964967	1	1	0.933546	1	0.993628	0.992951	1	1
SRR6468522	0.904788	0.883127	0.654693	0.587762	0.883806	0.637104	0.726522	0.688107	0.936339	0.583559	0.858718	0.77353	0.997687	0	0.441492	0.57123	0.693774	0.797918	0.900648	0.46602	0.54178	0.567584	0.730049	0.685846	0.714381	1	1	0.762304	0.611471	0.845957	0.716487	0.842501	0.765246	0.944427	0.643135	0.587701	0.81678	0.551575	0.467699	0.843886	0.745642	0.616754	0.945408	0.629688	0.703674	0.944511	0.852528	0.518796	1	0.791723	0.970604	0.916429	0.808123	0.546694	0.965057	0.951086	0.500568	0.654074	0.674582	0.721592	0.762826	0.948757	0.624446	0.525496	0.569755	0.630032	0.637043	0.748259	0.750524	0.902921	0.574283	0.784031	0.562851	0.592297	0.616314	0.734715	0.522525	0.970218	0.931449	0.796261	0.519802	0.648345	0.71198	0.919195	0.616008	0.526118	0.580319	0.479597	0.986099	0.663914	0.689721	0.768912	0.71803	0.561506	0.56903	0.553647	0.883011	0.98378	0.756971	0.93296	0.885896	0.699814	0.953646	0.711012	0.532553	0.571474	0.615292	0.486154	0.584626	0.9658	0.912661	0.967989	0.938082	0.749238	0.620935	0.974735	0.852686	0.958337	0.989579	0.59055	0.582444	0.875761	0.874121	0.957144	0.514523	0.509151	0.670991	0.65884	0.783025	0.591739	0.761958	0.576404	0.568029	0.518581	0.519239	0.449665	0.853641	0.701081	0.98258	0.694838	0.971345	0.606194	0.960785	0.731221	0.784232	0.650769	0.983538	0.962321	0.794945	0.89358	0.742996	0.88627	0.625175	0.682818	0.566024
SRR6468523	0.91939	0.881864	0.623	0.613466	0.872395	0.606929	0.703537	0.634663	0.956958	0.599598	0.854181	0.742285	0.99171	0.441492	0	0.596849	0.729865	0.752401	0.874501	0.519236	0.527274	0.561334	0.705731	0.677816	0.709083	1	0.99171	0.746139	0.626706	0.844504	0.753651	0.847318	0.752161	0.930815	0.626547	0.619366	0.791463	0.546808	0.540117	0.841897	0.772141	0.6053	0.91491	0.667285	0.718887	0.94311	0.833054	0.554872	1	0.807698	0.973397	0.931041	0.781165	0.6145	0.963067	0.945187	0.54128	0.633355	0.656129	0.685461	0.771593	0.924361	0.659461	0.53012	0.560876	0.660708	0.616406	0.73798	0.736311	0.864557	0.560329	0.727549	0.565642	0.612005	0.605043	0.68526	0.510559	0.964021	0.901542	0.769127	0.588805	0.665467	0.695145	0.926411	0.652468	0.565312	0.56776	0.530183	0.988394	0.672253	0.671415	0.76249	0.705803	0.564951	0.58823	0.527688	0.833779	0.97898	0.807229	0.906772	0.870019	0.694891	0.958755	0.715412	0.528705	0.584862	0.629473	0.516204	0.579208	0.987305	0.886728	0.980364	0.934058	0.776288	0.638351	0.95259	0.850994	0.953862	0.980801	0.594382	0.632876	0.869484	0.831303	0.935068	0.523615	0.557521	0.651335	0.650872	0.798138	0.608614	0.781433	0.625755	0.581966	0.545763	0.501104	0.525954	0.842363	0.692756	0.997297	0.710842	0.9511	0.555837	0.937155	0.704989	0.754871	0.651583	0.981667	0.959914	0.749156	0.910989	0.770539	0.850122	0.620017	0.714019	0.569207
SRR6468524	0.915303	0.884527	0.586941	0.628516	0.885483	0.664551	0.74797	0.673877	0.962613	0.61641	0.872769	0.827311	1	0.57123	0.596849	0	0.795415	0.773544	0.931068	0.527277	0.535222	0.592291	0.733564	0.699233	0.757266	0.996896	1	0.775725	0.516814	0.890471	0.72063	0.849286	0.802238	0.949083	0.598047	0.617453	0.855087	0.635168	0.622366	0.908557	0.784715	0.689192	0.936406	0.694383	0.74293	0.948785	0.860706	0.574694	1	0.820773	0.977622	0.917268	0.775877	0.659685	0.975534	0.960175	0.54907	0.65498	0.716119	0.739664	0.800241	0.941393	0.628969	0.527251	0.654754	0.69361	0.675413	0.758615	0.723519	0.902225	0.622512	0.825369	0.640668	0.618892	0.594455	0.705399	0.60529	0.978082	0.952424	0.770081	0.559234	0.655935	0.724937	0.955688	0.625127	0.563176	0.55252	0.53225	0.9925	0.660694	0.697785	0.789769	0.742979	0.627044	0.700435	0.664018	0.906334	0.977654	0.752434	0.934319	0.882732	0.790589	0.966362	0.726647	0.510677	0.616429	0.617148	0.562542	0.593662	0.981016	0.910731	0.971071	0.945123	0.744355	0.724706	0.966443	0.875108	0.943212	1	0.612051	0.580564	0.85454	0.884179	0.949697	0.51329	0.532513	0.685258	0.694588	0.824284	0.654057	0.779591	0.681813	0.592341	0.605505	0.607201	0.643494	0.866619	0.749883	0.994675	0.726733	0.974106	0.724428	0.950614	0.705117	0.751437	0.689454	0.989789	0.956239	0.777942	0.915434	0.771942	0.903983	0.646552	0.737819	0.625702
SRR6468525	0.783807	0.902172	0.743316	0.794897	0.869833	0.753948	0.813363	0.789625	0.956483	0.718457	0.788404	0.692722	0.976981	0.693774	0.729865	0.795415	0	0.694271	0.770019	0.738844	0.748317	0.812371	0.66506	0.687612	0.758627	1	0.983609	0.659701	0.795247	0.805551	0.734214	0.839128	0.628127	0.888738	0.732738	0.732706	0.72629	0.81057	0.689302	0.712177	0.694394	0.657545	0.86147	0.638765	0.661124	0.853553	0.707319	0.764712	0.992705	0.683055	0.871128	0.893394	0.79837	0.720434	0.883697	0.817834	0.747733	0.725681	0.757226	0.706124	0.650616	0.858282	0.739113	0.782791	0.662427	0.601211	0.782071	0.655485	0.68632	0.837742	0.831033	0.649903	0.767161	0.858319	0.818772	0.922247	0.825059	0.873434	0.880335	0.664405	0.742979	0.776596	0.683087	0.707109	0.694612	0.729352	0.750387	0.745962	0.961399	0.75699	0.707793	0.784388	0.676839	0.773936	0.596823	0.780028	0.765525	0.935456	0.820441	0.808076	0.890068	0.647893	0.855949	0.732688	0.769017	0.860156	0.757443	0.725581	0.731742	0.932555	0.799388	0.906128	0.803769	0.739635	0.570669	0.929601	0.721338	0.946192	0.959512	0.83262	0.776894	0.799869	0.766814	0.878889	0.736037	0.784028	0.671681	0.602165	0.82565	0.581086	0.736408	0.678911	0.822509	0.78638	0.701842	0.687502	0.749815	0.649448	0.962262	0.699878	0.901178	0.667218	0.824115	0.746572	0.849185	0.720325	0.9086	0.909678	0.897245	0.814279	0.841231	0.804635	0.747964	0.791015	0.763549
SRR6468526	0.761277	0.911024	0.743225	0.768703	0.817131	0.755138	0.768975	0.788688	0.87839	0.779799	0.685504	0.689037	0.978542	0.797918	0.752401	0.773544	0.694271	0	0.687224	0.829358	0.782641	0.823129	0.65662	0.712426	0.729583	1	0.986007	0.637294	0.754931	0.754345	0.734318	0.890256	0.660169	0.907553	0.74714	0.782043	0.686551	0.834984	0.773057	0.687136	0.73965	0.703141	0.850397	0.680376	0.664631	0.900334	0.631422	0.793847	1	0.688758	0.951926	0.87627	0.763322	0.739576	0.87396	0.847726	0.732327	0.701201	0.703139	0.73012	0.670965	0.802274	0.775654	0.749393	0.754416	0.689941	0.796027	0.734812	0.674889	0.771829	0.834676	0.670593	0.793431	0.842224	0.812638	0.914791	0.839059	0.883071	0.825791	0.695451	0.747813	0.77365	0.602401	0.776403	0.757963	0.73858	0.735365	0.757207	0.998927	0.802298	0.730716	0.724787	0.709621	0.798709	0.720974	0.813561	0.733091	0.930855	0.832201	0.78159	0.85504	0.726992	0.929848	0.610921	0.745276	0.858753	0.820939	0.742233	0.722843	0.941068	0.812631	0.93288	0.786584	0.77766	0.705863	0.901799	0.763945	0.951181	0.981714	0.835148	0.698977	0.769711	0.681797	0.850962	0.755289	0.803882	0.662393	0.618624	0.844597	0.691593	0.753347	0.773506	0.850956	0.816838	0.755115	0.722394	0.726359	0.771546	0.944481	0.708477	0.831938	0.694309	0.816735	0.73971	0.788151	0.739769	0.864003	0.93631	0.888102	0.876373	0.832615	0.737532	0.67073	0.841572	0.765815
SRR6468527	0.68454	0.912502	0.86671	0.930179	0.865233	0.848516	0.828049	0.904647	0.92085	0.890367	0.699685	0.684463	0.978946	0.900648	0.874501	0.931068	0.770019	0.687224	0	0.938707	0.91523	0.917181	0.772	0.830742	0.887038	1	1	0.767378	0.926655	0.771167	0.892981	0.932237	0.731956	0.906065	0.904719	0.910821	0.644276	0.94404	0.875832	0.693237	0.781045	0.834783	0.839529	0.772913	0.743663	0.957471	0.666722	0.92757	0.987881	0.806463	0.958126	0.926905	0.847876	0.854066	0.808174	0.801074	0.904775	0.882942	0.900069	0.898232	0.833975	0.818414	0.9212	0.914981	0.872605	0.746703	0.883739	0.829881	0.755828	0.769193	0.923236	0.700996	0.884657	0.964119	0.951466	0.970371	0.943819	0.851612	0.822388	0.75261	0.916601	0.948419	0.808262	0.742233	0.919652	0.902754	0.916874	0.879256	1	0.935148	0.930272	0.837641	0.812467	0.928964	0.865584	0.907116	0.713047	0.964551	0.951244	0.872068	0.888474	0.738802	0.980936	0.69595	0.909605	0.945208	0.97748	0.877317	0.824999	0.981386	0.818236	0.958873	0.839266	0.895404	0.761541	0.904627	0.810519	0.964446	0.976346	0.946474	0.871141	0.775557	0.689995	0.774347	0.927317	0.914658	0.810015	0.810169	0.878393	0.793182	0.825086	0.877068	0.917781	0.921381	0.86288	0.853722	0.836473	0.796933	0.957252	0.834693	0.890725	0.824376	0.772101	0.834071	0.927999	0.797012	0.899415	0.883319	0.965518	0.790471	1	0.662808	0.846757	0.893264	0.885905
SRR6468528	0.925271	0.872028	0.628388	0.56389	0.869829	0.679518	0.720818	0.65233	0.941465	0.581639	0.896806	0.825812	0.982809	0.46602	0.519236	0.527277	0.738844	0.829358	0.938707	0	0.570483	0.556661	0.734434	0.676521	0.706654	1	0.993417	0.812466	0.562707	0.876034	0.752702	0.803697	0.781028	0.92644	0.60622	0.532353	0.867137	0.5915	0.50003	0.914236	0.783487	0.675623	0.933489	0.679358	0.751704	0.92794	0.89036	0.469159	1	0.850885	0.942905	0.913651	0.813593	0.602705	0.983732	0.933895	0.497629	0.664291	0.669808	0.735528	0.752804	0.950892	0.581953	0.446677	0.645619	0.71804	0.650609	0.699554	0.766589	0.913366	0.555497	0.832777	0.573493	0.53685	0.539165	0.624602	0.476387	0.972753	0.939799	0.78644	0.531631	0.639555	0.728495	0.921653	0.618491	0.513338	0.552533	0.448427	0.977245	0.609094	0.683652	0.766737	0.720878	0.49178	0.651486	0.618535	0.911633	0.954094	0.729477	0.925524	0.852904	0.778597	0.92852	0.73694	0.491921	0.498881	0.569966	0.529558	0.596988	0.953634	0.890374	0.953887	0.942098	0.706105	0.66471	0.957115	0.841177	0.950721	0.980797	0.520934	0.599005	0.863364	0.868251	0.959443	0.473512	0.467724	0.649093	0.720998	0.837296	0.620985	0.77828	0.58464	0.50728	0.501373	0.51178	0.594493	0.860524	0.74838	0.973298	0.723757	0.943191	0.739103	0.95726	0.708207	0.766124	0.695819	0.978746	0.940411	0.713511	0.918664	0.727028	0.879197	0.646146	0.679205	0.541929
SRR6468529	0.94181	0.900029	0.6854	0.627744	0.877671	0.661212	0.742464	0.698845	0.956395	0.607085	0.89362	0.801612	0.992053	0.54178	0.527274	0.535222	0.748317	0.782641	0.91523	0.570483	0	0.646833	0.774686	0.702422	0.768758	1	0.992053	0.785437	0.668945	0.877486	0.747295	0.82623	0.759114	0.93286	0.674393	0.625585	0.879339	0.63062	0.591596	0.885476	0.796907	0.680549	0.939961	0.701776	0.79374	0.954259	0.888876	0.574266	1	0.848328	0.978112	0.932727	0.796346	0.644634	0.972212	0.956035	0.563222	0.67518	0.656637	0.723643	0.783383	0.952267	0.659447	0.572264	0.601777	0.744016	0.722084	0.746514	0.769534	0.920072	0.665782	0.825885	0.669167	0.665076	0.651652	0.736635	0.603533	0.989035	0.959925	0.789153	0.593259	0.665455	0.744148	0.956045	0.665418	0.648109	0.534365	0.566195	0.993155	0.695183	0.685269	0.787882	0.759145	0.592693	0.626379	0.621406	0.903819	0.980211	0.783542	0.936046	0.887857	0.796813	0.961229	0.74073	0.527418	0.619869	0.639312	0.580648	0.608948	0.992046	0.917325	0.993091	0.951397	0.79542	0.721395	0.97003	0.867548	0.959467	0.981512	0.59477	0.644874	0.885853	0.890762	0.972099	0.53809	0.595201	0.745955	0.706751	0.803912	0.663455	0.774819	0.684221	0.595715	0.636504	0.631055	0.647665	0.878774	0.729333	0.996203	0.754128	0.96656	0.704299	0.958183	0.729075	0.776452	0.660016	0.987356	0.970451	0.771793	0.928816	0.768329	0.88647	0.716192	0.686681	0.648142
SRR6468530	0.915493	0.877187	0.644459	0.56304	0.898808	0.630114	0.759269	0.641459	0.957005	0.659713	0.876329	0.830085	0.99575	0.567584	0.561334	0.592291	0.812371	0.823129	0.917181	0.556661	0.646833	0	0.719736	0.692458	0.728803	1	0.99575	0.80311	0.639324	0.844399	0.757997	0.84516	0.7672	0.939472	0.640051	0.578287	0.836167	0.576349	0.624215	0.891593	0.807113	0.687989	0.928657	0.668144	0.745331	0.961172	0.895574	0.53688	1	0.838043	0.982635	0.943253	0.819089	0.643408	0.956299	0.949158	0.572716	0.691868	0.691565	0.744297	0.771164	0.946472	0.663033	0.53412	0.701179	0.711377	0.671948	0.767977	0.794471	0.864342	0.617863	0.796238	0.624239	0.641649	0.659922	0.750288	0.628951	0.982217	0.915422	0.786896	0.593403	0.683358	0.725684	0.943804	0.675873	0.55487	0.602684	0.599266	0.982693	0.67359	0.692283	0.779014	0.740244	0.614874	0.715338	0.658123	0.863111	0.969718	0.784777	0.950396	0.893642	0.788119	0.966315	0.722272	0.535003	0.629102	0.668044	0.606462	0.651101	0.97894	0.904056	0.981372	0.928243	0.75514	0.716124	0.948127	0.86311	0.968934	0.993529	0.666324	0.618444	0.849843	0.870659	0.945241	0.578452	0.548425	0.677199	0.705613	0.827579	0.672597	0.785247	0.684973	0.580102	0.575715	0.634289	0.665598	0.887704	0.749479	0.978872	0.741808	0.956831	0.710668	0.958052	0.751623	0.752369	0.692112	0.983835	0.95431	0.710777	0.908737	0.767913	0.887046	0.684192	0.698499	0.605589
SRR6468559	0.777009	0.814884	0.63744	0.737013	0.783503	0.757714	0.617062	0.827566	0.946252	0.663767	0.637649	0.680794	1	0.730049	0.705731	0.733564	0.66506	0.65662	0.772	0.734434	0.774686	0.719736	0	0.616205	0.624429	1	0.993377	0.665393	0.781105	0.787268	0.672855	0.785886	0.636407	0.889457	0.686997	0.697011	0.66675	0.812983	0.656646	0.750406	0.556204	0.714015	0.812089	0.561025	0.623285	0.908431	0.715582	0.758363	0.981821	0.652381	0.971499	0.828268	0.782708	0.750238	0.913732	0.855357	0.721714	0.718299	0.592327	0.665775	0.592824	0.806874	0.653814	0.75134	0.710204	0.623357	0.719231	0.67049	0.678701	0.73019	0.797029	0.615082	0.759504	0.800678	0.803684	0.898515	0.798356	0.943906	0.833731	0.563178	0.666244	0.650274	0.623334	0.866478	0.64303	0.690327	0.67455	0.702167	0.977956	0.704776	0.635545	0.605749	0.570998	0.783035	0.69407	0.806074	0.647114	0.963043	0.736049	0.856086	0.841285	0.726543	0.905189	0.58654	0.73614	0.840841	0.752464	0.656598	0.646803	0.956221	0.821525	0.925921	0.852295	0.682157	0.605396	0.912888	0.745302	0.938387	1	0.805614	0.72192	0.784291	0.644372	0.87364	0.638802	0.729512	0.525456	0.605563	0.890154	0.558892	0.695156	0.687612	0.731213	0.729616	0.692837	0.721229	0.785332	0.710924	0.945996	0.596018	0.873892	0.708369	0.863184	0.6828	0.694705	0.690829	0.936202	0.892084	0.843871	0.809487	0.747111	0.702599	0.62276	0.74195	0.662208
SRR6468560	0.842358	0.840547	0.635355	0.652161	0.782797	0.704847	0.714376	0.776268	0.933958	0.613117	0.818645	0.715479	0.978204	0.685846	0.677816	0.699233	0.687612	0.712426	0.830742	0.676521	0.702422	0.692458	0.616205	0	0.601805	1	0.978205	0.747461	0.688192	0.773358	0.652205	0.725881	0.679084	0.945637	0.589444	0.627917	0.750794	0.752187	0.602562	0.72679	0.661493	0.688757	0.894223	0.646466	0.705145	0.946243	0.787566	0.669564	1	0.739441	0.957443	0.921521	0.796058	0.63991	0.961919	0.893665	0.578506	0.664061	0.555684	0.621875	0.616037	0.884675	0.581374	0.674498	0.655204	0.689352	0.700479	0.642607	0.715619	0.873921	0.774755	0.727025	0.672425	0.743206	0.768513	0.838536	0.723074	0.929806	0.889375	0.67469	0.592745	0.567761	0.60887	0.832034	0.617604	0.644138	0.587403	0.624377	1	0.667161	0.666524	0.664379	0.575993	0.667465	0.662597	0.746465	0.848306	0.954163	0.720998	0.860636	0.83101	0.78353	0.954634	0.698393	0.639051	0.758757	0.675709	0.662831	0.625374	0.985439	0.823787	0.961329	0.917079	0.686134	0.636571	0.910797	0.78474	0.884839	0.974347	0.748751	0.675064	0.782392	0.777206	0.963385	0.570354	0.682263	0.623048	0.54839	0.872179	0.573817	0.689497	0.681124	0.611098	0.690319	0.650637	0.668557	0.80843	0.752396	0.973936	0.761206	0.968968	0.710258	0.905708	0.626336	0.702561	0.652607	0.960327	0.944625	0.824219	0.839334	0.634196	0.846092	0.622195	0.63869	0.568755
SRR6468561	0.828078	0.794666	0.601457	0.685459	0.795163	0.810261	0.68861	0.797393	0.92815	0.727752	0.776151	0.814948	0.977376	0.714381	0.709083	0.757266	0.758627	0.729583	0.887038	0.706654	0.768758	0.728803	0.624429	0.601805	0	1	0.978555	0.786928	0.726091	0.80382	0.708111	0.786794	0.764051	0.885819	0.684642	0.67328	0.715729	0.780672	0.637611	0.853723	0.674236	0.809714	0.84273	0.690147	0.682371	0.882472	0.859637	0.711876	0.990381	0.774545	0.915502	0.893205	0.861306	0.736589	0.972334	0.922741	0.610969	0.745784	0.587954	0.763495	0.692506	0.847583	0.60815	0.70266	0.76103	0.754187	0.716694	0.593823	0.71721	0.783963	0.781823	0.782219	0.675273	0.690202	0.748278	0.847661	0.741204	0.936784	0.887437	0.68661	0.570338	0.518895	0.679368	0.894784	0.633544	0.689299	0.634829	0.628519	0.915242	0.656863	0.694648	0.644904	0.58292	0.730706	0.740274	0.816796	0.789949	1	0.667302	0.896447	0.833569	0.834711	0.866034	0.677392	0.694532	0.773731	0.654416	0.688957	0.659478	0.885359	0.882699	0.877135	0.863069	0.685692	0.662293	0.926794	0.800041	0.871264	0.919857	0.748553	0.684948	0.726325	0.801823	0.909126	0.596092	0.732708	0.67432	0.637581	0.927412	0.632274	0.700433	0.682496	0.665267	0.633312	0.694629	0.747201	0.78626	0.809801	0.902566	0.711734	0.858212	0.782641	0.857077	0.741951	0.653007	0.746183	0.890109	0.906921	0.819577	0.859808	0.558188	0.810436	0.576975	0.636337	0.522027
SRR6468562	1	1	1	0.989891	1	0.991582	1	1	1	0.990287	1	1	1	1	1	0.996896	1	1	1	1	1	1	1	1	1	0	1	1	1	1	1	1	1	1	1	1	1	0.995236	1	1	1	1	1	1	1	1	1	1	1	1	1	1	0.989891	0.996131	1	1	1	1	1	1	1	1	1	1	1	1	1	1	1	1	1	1	1	1	1	1	1	1	1	1	1	1	1	1	1	1	1	1	1	1	1	1	1	1	1	0.994306	1	1	1	1	1	1	1	1	1	1	1	1	1	1	1	1	1	1	1	1	1	1	1	1	0.989891	1	1	1	1	1	1	1	0.993123	1	1	1	1	1	1	0.993842	1	0.997942	1	1	1	0.994041	1	1	1	1	1	1	1	1	1	1	1	1	1
SRR6468563	1	1	0.986599	0.995862	1	0.986012	0.997515	0.995862	0.968094	0.984075	0.993377	0.977246	0.842306	1	0.99171	1	0.983609	0.986007	1	0.993417	0.992053	0.99575	0.993377	0.978205	0.978555	1	0	0.996791	0.986767	0.975929	0.984318	1	0.980861	0.95042	0.979444	0.969595	1	1	1	0.985051	0.997515	0.983482	0.979143	0.997515	0.972326	0.963571	0.989783	0.990483	1	0.997192	0.959378	1	1	0.995862	1	0.970389	0.988274	0.995257	0.989596	0.979571	0.970948	0.950537	1	0.992852	0.994816	0.995862	0.992153	0.971173	0.954927	1	1	0.980316	1	0.992176	0.991502	0.998725	0.994178	0.932353	0.987543	0.978769	0.991417	0.996223	0.976556	0.976592	1	0.995017	0.981713	0.995265	1	0.997515	0.995862	1	0.980389	0.995862	0.983557	0.98952	0.972199	0.814178	1	0.978584	0.955521	0.992824	0.958068	0.995862	0.995276	0.997128	0.985961	0.994152	1	1	0.952362	1	0.983214	0.995606	0.973994	0.941768	0.996905	1	0.839164	0.991747	1	0.970046	0.966226	0.993802	0.987802	1	1	0.982026	1	0.991219	1	0.996362	1	1	0.985101	0.987132	0.971581	0.988526	0.943291	1	0.96654	0.996174	0.995862	0.98743	1	1	0.964967	1	1	0.995862	1	0.993628	0.992951	1	1
SRR6468564	0.782666	0.895652	0.725143	0.809385	0.859312	0.753241	0.791656	0.795971	0.989402	0.753694	0.780309	0.701844	0.996791	0.762304	0.746139	0.775725	0.659701	0.637294	0.767378	0.812466	0.785437	0.80311	0.665393	0.747461	0.786928	1	0.996791	0	0.806034	0.743765	0.761827	0.932164	0.645649	0.96426	0.753533	0.795214	0.652495	0.830804	0.741239	0.679021	0.731371	0.736899	0.874263	0.62327	0.683819	0.955497	0.703671	0.80783	0.992184	0.645309	0.959409	0.855829	0.784968	0.7465	0.885162	0.860199	0.730381	0.688559	0.76643	0.71612	0.693363	0.837176	0.830755	0.790656	0.73781	0.602894	0.776626	0.736892	0.622996	0.78227	0.845322	0.63349	0.756649	0.881907	0.861734	0.929994	0.834663	0.877008	0.884076	0.706515	0.792808	0.82899	0.673799	0.768778	0.764297	0.738273	0.770633	0.778729	1	0.838321	0.75007	0.745456	0.73878	0.820847	0.691854	0.77845	0.742856	0.98678	0.860761	0.786029	0.880721	0.675809	0.951172	0.68026	0.743609	0.85566	0.82902	0.71198	0.741352	0.980676	0.859408	0.955586	0.843208	0.805354	0.661292	0.980861	0.744571	0.942442	0.98021	0.872327	0.716063	0.81375	0.769848	0.870618	0.79513	0.799222	0.646983	0.673227	0.816443	0.634603	0.659144	0.747975	0.805203	0.827979	0.750877	0.737856	0.829533	0.672421	0.9562	0.640547	0.941184	0.678081	0.818131	0.840285	0.864969	0.686337	0.9553	0.964613	0.895686	0.786165	0.900098	0.749294	0.688875	0.846805	0.780786
SRR6468567	0.916085	0.875345	0.658892	0.678324	0.898415	0.712888	0.775059	0.73682	0.930953	0.671404	0.882809	0.820457	0.986767	0.611471	0.626706	0.516814	0.795247	0.754931	0.926655	0.562707	0.668945	0.639324	0.781105	0.688192	0.726091	1	0.986767	0.806034	0	0.834598	0.703747	0.863029	0.833542	0.948232	0.429414	0.63609	0.904132	0.697593	0.640444	0.879214	0.790323	0.71702	0.941152	0.736753	0.797807	0.925657	0.84329	0.587487	1	0.81566	0.951518	0.930416	0.808705	0.650382	0.986231	0.955143	0.580894	0.67734	0.706527	0.735698	0.753884	0.941393	0.646885	0.549331	0.696564	0.721245	0.657823	0.753385	0.774066	0.947998	0.7253	0.847839	0.63374	0.633194	0.633461	0.725992	0.63368	0.969438	0.948555	0.820294	0.538931	0.620284	0.723653	0.919164	0.659868	0.543195	0.583564	0.549978	0.990467	0.702778	0.667313	0.780935	0.743039	0.657036	0.738956	0.735172	0.937317	0.954261	0.758166	0.910202	0.872026	0.831746	0.946813	0.739406	0.517621	0.623085	0.579366	0.572874	0.588464	0.975504	0.876515	0.961192	0.936066	0.752945	0.768297	0.981818	0.868969	0.967071	0.986767	0.632216	0.578737	0.834707	0.871268	0.982896	0.55988	0.596587	0.773014	0.697652	0.895023	0.699179	0.816754	0.670377	0.646623	0.639696	0.655545	0.659952	0.848054	0.765528	0.978821	0.791619	0.974825	0.752623	0.959481	0.711028	0.81209	0.748778	0.982645	0.976514	0.785799	0.942203	0.741868	0.912597	0.680191	0.723249	0.629421
