	SRR6468604	SRR6468628	SRR6468626	SRR6468625	SRR6468680	SRR6468674	SRR6468597	SRR6468598	SRR6468656	SRR6468657	SRR6468659	SRR6468660	SRR6468621	SRR6468622	SRR6468679	SRR6468678	SRR6468681	SRR6468528	SRR6468673	SRR6468695	SRR6468523	SRR6468522	SRR6468567	SRR6468639	SRR6468617	SRR6468615	SRR6468616	SRR6468613	SRR6468614	SRR6468689	SRR6468687	SRR6468686	SRR6468709	SRR6468706	SRR6468580	SRR6468579	SRR6468582	SRR6468581	SRR6468584	SRR6468583	SRR6468586	SRR6468585	SRR6468601	SRR6468602	SRR6468599	SRR6468606	SRR6468603	SRR6468607	SRR6468608	SRR6468655	SRR6468652	SRR6468671	SRR6468675	SRR6468502	SRR6468677	SRR6468676	SRR6468672	SRR6468700	SRR6468701	SRR6468694	SRR6468692	SRR6468521	SRR6468520	SRR6468527	SRR6468526	SRR6468525	SRR6468563	SRR6468623	SRR6468559	SRR6468560	SRR6468561	SRR6468609	SRR6468610	SRR6468590	SRR6468592	SRR6468591	SRR6468596	SRR6468595	SRR6468571	SRR6468572	SRR6468573	SRR6468574	SRR6468568	SRR6468569	SRR6468575	SRR6468638	SRR6468640	SRR6468629	SRR6468619	SRR6468620	SRR6468618	SRR6468612	SRR6468685	SRR6468683	SRR6468682	SRR6468661	SRR6468662	SRR6468665	SRR6468666	SRR6468653	SRR6468505	SRR6468507	SRR6468600	SRR6468605	SRR6468632	SRR6468631	SRR6468627	SRR6468658	SRR6468698	SRR6468699	SRR6468696	SRR6468697	SRR6468693	SRR6468524	SRR6468530	SRR6468529	SRR6468564	SRR6468624	SRR6468562	SRR6468589	SRR6468588	SRR6468587	SRR6468594	SRR6468593	SRR6468570	SRR6468576	SRR6468637	SRR6468634	SRR6468633	SRR6468636	SRR6468635	SRR6468630	SRR6468611	SRR6468688	SRR6468684	SRR6468691	SRR6468690	SRR6468663	SRR6468664	SRR6468667	SRR6468668	SRR6468654	SRR6468504	SRR6468506	SRR6468509	SRR6468508	SRR6468511	SRR6468510	SRR6468513	SRR6468512	SRR6468704	SRR6468705	SRR6468702	SRR6468703	SRR6468708
SRR6468604	0	0.607015	0.590234	0.664027	0.533245	0.549097	0.496487	0.668686	0.586848	0.527415	0.616676	0.659875	0.619399	0.690794	0.624204	0.613336	0.719718	0.518208	0.588454	0.770323	0.551327	0.629382	0.625434	0.788915	0.606091	0.70038	0.655664	0.651411	0.742851	0.619912	0.704641	0.679288	0.667348	0.63198	0.911595	0.612607	0.728156	0.824621	0.678679	0.952746	0.987046	0.795662	0.723905	0.979825	0.717291	0.725954	0.684129	0.672309	0.764586	0.771953	0.884398	0.902015	0.827595	0.956758	0.905252	0.798739	0.996273	0.9873	0.876228	0.964538	0.984507	0.997074	0.795199	0.823088	0.784167	0.783894	0.949523	0.762554	0.710537	0.669225	0.789566	0.844352	0.904027	0.842514	0.851184	0.992383	0.907812	0.986354	0.832825	0.96462	0.679582	0.582504	0.894447	0.685969	0.807217	0.990909	0.91605	0.997594	0.953039	0.821113	0.993688	0.814542	0.754524	0.713121	0.813361	0.996078	0.943926	0.8684	0.824375	0.817177	0.693401	0.877834	0.791015	0.699262	0.72377	0.702137	0.63911	0.716283	0.738268	0.703067	0.963604	0.72869	0.845926	0.667216	0.610644	0.661582	0.710742	0.958306	0.950081	0.996824	0.606589	0.875064	0.696076	0.839672	0.689512	0.656314	0.888683	0.634276	0.690688	0.634402	0.703388	0.750861	0.593301	0.712012	0.761305	0.72809	0.951827	0.996177	0.989769	0.949013	0.841975	0.98574	0.804979	0.664621	0.788527	0.718268	0.9735	0.692334	0.79754	0.719306	0.76307	0.91166	0.811416	0.956136	0.757108
SRR6468628	0.607015	0	0.545515	0.605151	0.621858	0.670512	0.426603	0.724921	0.650101	0.637635	0.488359	0.645255	0.557169	0.628705	0.636289	0.57186	0.707201	0.497687	0.635393	0.708853	0.544461	0.569732	0.679414	0.775275	0.549324	0.588768	0.719868	0.50327	0.706511	0.624966	0.601932	0.674353	0.511095	0.474233	0.898109	0.542557	0.71356	0.803903	0.679798	0.861387	0.976318	0.634497	0.579022	0.983353	0.631082	0.559745	0.584879	0.673806	0.740071	0.77932	0.911199	0.858279	0.859798	0.940581	0.883255	0.801901	0.998699	0.968259	0.922301	0.866628	0.978379	0.998233	0.795851	0.859314	0.750167	0.70743	0.951546	0.743269	0.598754	0.690032	0.708541	0.83442	0.870337	0.806314	0.765039	0.990862	0.985969	0.964719	0.790864	0.901729	0.733212	0.541471	0.865944	0.743597	0.802903	0.989346	0.906559	0.997826	0.886129	0.69853	0.995606	0.722915	0.577974	0.611118	0.804626	0.996348	0.958208	0.782434	0.685955	0.654097	0.451884	0.840962	0.791799	0.543019	0.657916	0.674937	0.651956	0.704935	0.617535	0.588014	0.935029	0.674351	0.818596	0.763905	0.687425	0.66314	0.797813	0.974792	0.928536	0.982202	0.560001	0.855181	0.698925	0.857121	0.590754	0.692998	0.756188	0.483322	0.669337	0.622603	0.635324	0.649756	0.606619	0.58811	0.614529	0.606398	0.932909	0.989438	0.990786	0.880409	0.709751	0.969157	0.630113	0.551062	0.733807	0.7579	0.928136	0.724595	0.683152	0.679824	0.587279	0.879092	0.810005	0.918167	0.707156
SRR6468626	0.590234	0.545515	0	0.606438	0.58019	0.584506	0.478775	0.6857	0.514878	0.647403	0.546441	0.740216	0.593308	0.72651	0.626684	0.588253	0.60282	0.559982	0.64911	0.765381	0.54514	0.605418	0.560163	0.820171	0.629613	0.664858	0.72446	0.659796	0.755785	0.584532	0.722693	0.743243	0.63815	0.627198	0.926511	0.651395	0.80351	0.81652	0.684184	0.945985	0.970887	0.806704	0.701774	0.953823	0.716464	0.658247	0.660115	0.708906	0.763288	0.763633	0.944838	0.873244	0.795772	0.903354	0.92161	0.819155	0.994692	0.979411	0.934817	0.962713	0.969078	0.996684	0.803478	0.87617	0.743857	0.76837	0.952697	0.742612	0.688225	0.695834	0.783928	0.816546	0.926377	0.746216	0.810201	0.991126	0.929313	0.96097	0.792354	0.96031	0.742196	0.55402	0.82307	0.682494	0.795793	0.989749	0.872342	0.996787	0.965366	0.844779	0.990307	0.819086	0.718544	0.71382	0.806397	0.992232	0.968391	0.786341	0.785221	0.802268	0.68288	0.822756	0.713233	0.685182	0.711933	0.70014	0.683314	0.737844	0.738941	0.714179	0.913821	0.697593	0.742839	0.659981	0.588557	0.691027	0.678225	0.970171	0.931974	0.988898	0.527972	0.803725	0.655555	0.865623	0.701602	0.613067	0.898952	0.574438	0.718101	0.706046	0.709792	0.737148	0.649302	0.703614	0.775758	0.746814	0.899607	0.9806	0.982872	0.957192	0.824145	0.970266	0.745687	0.690077	0.832282	0.669888	0.924364	0.715002	0.832321	0.685314	0.743551	0.904564	0.846302	0.872769	0.780547
SRR6468625	0.664027	0.605151	0.606438	0	0.550925	0.625752	0.611009	0.74029	0.680471	0.738039	0.654936	0.684978	0.595676	0.612214	0.721228	0.612584	0.732343	0.69673	0.729944	0.820346	0.666314	0.664113	0.72713	0.771558	0.688959	0.756506	0.822233	0.647699	0.81266	0.642432	0.746275	0.756915	0.674306	0.621856	0.885542	0.637136	0.767855	0.843113	0.678876	0.861925	0.980184	0.796702	0.641706	0.96003	0.587204	0.726952	0.578409	0.7454	0.639699	0.718847	0.927856	0.77344	0.765471	0.945996	0.857936	0.822628	0.999614	0.996056	0.866684	0.907867	0.98842	0.998897	0.852844	0.849001	0.773222	0.81231	0.957621	0.714756	0.693935	0.709609	0.732297	0.850886	0.924641	0.780099	0.766947	0.996401	0.889128	0.968849	0.804349	0.934204	0.653078	0.710188	0.84736	0.762804	0.832936	0.99571	0.900709	0.997677	0.943865	0.821494	0.99131	0.805721	0.611994	0.718923	0.899469	0.995341	0.915058	0.807131	0.818451	0.821479	0.647258	0.79401	0.787989	0.715181	0.600816	0.709309	0.663026	0.731875	0.624697	0.820545	0.917831	0.690053	0.764905	0.725168	0.650911	0.70776	0.747135	0.957335	0.974141	0.992816	0.687764	0.820189	0.79342	0.850979	0.617546	0.773193	0.824138	0.679943	0.639276	0.751339	0.712627	0.637741	0.707291	0.733669	0.772359	0.691618	0.889223	0.99587	0.987651	0.982782	0.645399	0.98223	0.671893	0.641149	0.833483	0.763788	0.965079	0.85476	0.803569	0.666958	0.602152	0.885262	0.850818	0.908657	0.780462
SRR6468680	0.533245	0.621858	0.58019	0.550925	0	0.502635	0.567445	0.620978	0.616056	0.699571	0.590713	0.653899	0.65088	0.660523	0.698391	0.60191	0.651447	0.649428	0.663628	0.748755	0.59254	0.668259	0.678652	0.749392	0.690435	0.737827	0.818458	0.679367	0.793934	0.572958	0.704361	0.746357	0.689601	0.588702	0.920839	0.615838	0.735484	0.735873	0.685773	0.838834	0.967728	0.677544	0.642416	0.914133	0.610616	0.709452	0.625959	0.666938	0.69847	0.626051	0.871087	0.856745	0.698109	0.920658	0.881306	0.679387	0.999349	0.977236	0.844717	0.898925	0.979028	0.998444	0.723235	0.796183	0.728595	0.684918	0.947407	0.614725	0.541289	0.715462	0.718393	0.790708	0.88504	0.737244	0.797491	0.976476	0.890735	0.951571	0.708975	0.93798	0.692137	0.694356	0.858889	0.650957	0.696965	0.984276	0.82482	0.997505	0.928675	0.708628	0.976918	0.738542	0.678768	0.644077	0.85681	0.996869	0.933751	0.773349	0.730775	0.800204	0.617674	0.735356	0.695864	0.726286	0.598981	0.562805	0.627594	0.683216	0.598038	0.730831	0.891876	0.646526	0.66048	0.724575	0.658429	0.690726	0.682426	0.941344	0.935037	0.973196	0.694704	0.743624	0.755472	0.764473	0.656431	0.747764	0.782203	0.715793	0.581637	0.708515	0.670134	0.751025	0.709831	0.743917	0.684627	0.730847	0.868788	0.983065	0.970298	0.963663	0.61566	0.977398	0.696762	0.69818	0.784691	0.765684	0.948447	0.820349	0.783031	0.781695	0.726972	0.758973	0.808667	0.85446	0.771707
SRR6468674	0.549097	0.670512	0.584506	0.625752	0.502635	0	0.575826	0.567149	0.598935	0.699153	0.609214	0.653882	0.630116	0.667481	0.699542	0.660121	0.609724	0.689799	0.63613	0.758733	0.606649	0.652164	0.607464	0.76599	0.717581	0.738319	0.768282	0.734342	0.777879	0.573664	0.756854	0.84082	0.746359	0.712874	0.925769	0.70849	0.793021	0.742825	0.714727	0.959392	0.97718	0.786715	0.711051	0.963477	0.681451	0.726904	0.630969	0.617718	0.791303	0.643815	0.923627	0.904291	0.628927	0.940751	0.848532	0.7054	0.999802	0.97725	0.872128	0.981143	0.98856	0.999104	0.713935	0.791099	0.707616	0.692886	0.971382	0.731383	0.665435	0.799728	0.850356	0.799405	0.918287	0.743054	0.878706	0.986661	0.847381	0.977145	0.828266	0.978587	0.762902	0.710452	0.76768	0.592307	0.768919	0.995774	0.839428	0.998543	0.967409	0.784019	0.98689	0.823539	0.68927	0.729682	0.801414	0.997288	0.96199	0.776296	0.867627	0.847158	0.76446	0.820482	0.721959	0.816236	0.673289	0.567529	0.78598	0.76665	0.671516	0.788525	0.917211	0.631047	0.719872	0.619292	0.560134	0.708991	0.622155	0.970647	0.982059	0.991194	0.649568	0.786235	0.723132	0.789762	0.760418	0.682013	0.922439	0.771292	0.713618	0.717664	0.767159	0.818103	0.680398	0.842076	0.722852	0.795409	0.859077	0.987245	0.98129	0.979918	0.739982	0.986333	0.797699	0.734697	0.838004	0.754104	0.972021	0.781016	0.886067	0.798414	0.791416	0.885716	0.880715	0.85521	0.806745
SRR6468597	0.496487	0.426603	0.478775	0.611009	0.567445	0.575826	0	0.695253	0.547267	0.575688	0.482783	0.586468	0.496523	0.57738	0.656817	0.49669	0.667273	0.530091	0.542139	0.742744	0.595432	0.522901	0.644429	0.698546	0.565711	0.628913	0.721855	0.549188	0.698616	0.613906	0.613705	0.650364	0.580476	0.581336	0.889728	0.524371	0.761069	0.753571	0.672577	0.94183	0.981655	0.773652	0.599525	0.965591	0.558701	0.643789	0.551422	0.629577	0.737428	0.765227	0.933956	0.843222	0.824598	0.907804	0.949019	0.761509	0.994618	0.97279	0.972105	0.962749	0.987178	0.997403	0.735046	0.889881	0.765486	0.715056	0.952188	0.741999	0.684881	0.611055	0.722047	0.840374	0.901982	0.770397	0.816236	0.990438	0.993619	0.975729	0.812008	0.943587	0.722077	0.512969	0.82229	0.616068	0.800399	0.99071	0.919852	0.998203	0.949378	0.776797	0.991847	0.793693	0.569375	0.625901	0.826744	0.998003	0.953197	0.804161	0.782161	0.7597	0.61429	0.845473	0.770084	0.628082	0.638644	0.670059	0.5894	0.699962	0.600778	0.684799	0.933139	0.600544	0.830878	0.734507	0.64608	0.623364	0.762082	0.95887	0.93287	0.988943	0.509324	0.883852	0.715069	0.876405	0.658567	0.616514	0.875668	0.542335	0.622421	0.631698	0.649343	0.649134	0.657755	0.672332	0.648801	0.661599	0.928726	0.996361	0.991174	0.93703	0.7306	0.977601	0.708643	0.597446	0.811761	0.760884	0.944675	0.72054	0.777913	0.652058	0.635611	0.927331	0.824634	0.924714	0.702456
SRR6468598	0.668686	0.724921	0.6857	0.74029	0.620978	0.567149	0.695253	0	0.654651	0.73318	0.707319	0.770251	0.66725	0.786169	0.751516	0.756299	0.678058	0.725992	0.736481	0.650501	0.753155	0.780012	0.684004	0.829265	0.725878	0.754681	0.801713	0.801789	0.824165	0.716337	0.807982	0.841738	0.7982	0.794231	0.852105	0.779585	0.782098	0.797611	0.701025	0.911721	0.955646	0.777282	0.776128	0.750838	0.767549	0.764848	0.711227	0.700817	0.771176	0.684304	0.912049	0.885195	0.821433	0.942144	0.933807	0.677974	0.996816	0.980573	0.966864	0.95621	0.990017	0.9985	0.778011	0.937945	0.688451	0.819775	0.972594	0.722294	0.785889	0.820736	0.866547	0.766369	0.877596	0.74098	0.855982	0.982617	0.816637	0.908428	0.625067	0.945291	0.762157	0.775286	0.795369	0.674995	0.581502	0.99488	0.724816	0.998434	0.918629	0.834513	0.972924	0.684108	0.792698	0.816489	0.77215	0.998765	0.915966	0.790697	0.869072	0.867763	0.805476	0.810706	0.778613	0.857873	0.730667	0.590765	0.800903	0.803794	0.764916	0.757413	0.863775	0.73295	0.776375	0.796166	0.752683	0.758506	0.668297	0.801851	0.986851	0.996098	0.703001	0.71287	0.713789	0.839676	0.781218	0.714329	0.871778	0.812834	0.7732	0.73589	0.754156	0.817433	0.799843	0.872021	0.796978	0.820312	0.846386	0.982357	0.970384	0.990905	0.733864	0.975048	0.805147	0.776025	0.864977	0.757849	0.970758	0.776192	0.894513	0.812504	0.798001	0.89229	0.884232	0.831443	0.86135
SRR6468656	0.586848	0.650101	0.514878	0.680471	0.616056	0.598935	0.547267	0.654651	0	0.608102	0.60044	0.658933	0.64147	0.735577	0.59974	0.568331	0.609595	0.545189	0.626379	0.713715	0.579949	0.607117	0.653626	0.826564	0.638814	0.709263	0.769489	0.735611	0.771738	0.655321	0.771844	0.759626	0.718705	0.747007	0.927664	0.692347	0.704877	0.822222	0.684222	0.906544	0.979692	0.801624	0.759486	0.978478	0.678562	0.734731	0.680765	0.712516	0.794105	0.699062	0.842334	0.923483	0.904414	0.954394	0.974305	0.793139	0.999002	0.993334	0.924256	0.938611	0.988259	0.998506	0.819601	0.889785	0.786727	0.78354	0.952489	0.794182	0.694694	0.722743	0.843778	0.844852	0.913326	0.818793	0.896323	0.997195	0.96882	0.970963	0.78563	0.962933	0.729922	0.544534	0.900158	0.704489	0.808723	0.995521	0.909175	0.998147	0.958842	0.812667	0.997286	0.829239	0.733635	0.697453	0.781025	0.998012	0.920871	0.848056	0.851691	0.840071	0.767227	0.852526	0.671587	0.776396	0.707282	0.67719	0.752573	0.706707	0.738535	0.70728	0.959567	0.712791	0.757741	0.662388	0.64675	0.599094	0.733802	0.977022	0.966408	0.996289	0.550128	0.711339	0.646304	0.749856	0.708625	0.559247	0.859023	0.598102	0.79122	0.656437	0.73886	0.76796	0.68987	0.787504	0.805268	0.775099	0.951852	0.997281	0.990309	0.977363	0.812966	0.981384	0.820885	0.670712	0.803399	0.722084	0.931681	0.690148	0.86017	0.682409	0.762554	0.839266	0.839046	0.951475	0.775638
SRR6468657	0.527415	0.637635	0.647403	0.738039	0.699571	0.699153	0.575688	0.73318	0.608102	0	0.663685	0.724457	0.693318	0.742995	0.591363	0.659761	0.836974	0.569224	0.611496	0.790734	0.690018	0.657237	0.692415	0.819199	0.504461	0.695732	0.57604	0.708839	0.739697	0.727167	0.705023	0.614225	0.699179	0.729726	0.929757	0.644567	0.818523	0.912571	0.744355	0.960032	0.97114	0.821764	0.831642	0.983754	0.744758	0.748726	0.759735	0.691266	0.856661	0.846833	0.927272	0.880671	0.954216	0.986199	0.965623	0.867851	0.998975	0.992281	0.948541	0.977253	0.983092	0.998622	0.882597	0.92988	0.841367	0.876176	0.960644	0.854046	0.815597	0.782248	0.807326	0.852183	0.923277	0.852301	0.83074	0.997053	0.995919	0.96361	0.866777	0.950572	0.758309	0.698383	0.895666	0.839193	0.85184	0.997352	0.920299	0.998214	0.967563	0.882529	0.997635	0.85888	0.778606	0.784063	0.779515	0.99523	0.980084	0.90882	0.865001	0.823383	0.755034	0.909434	0.790814	0.753841	0.80555	0.773608	0.713692	0.761065	0.824854	0.749097	0.943204	0.828359	0.845925	0.764649	0.707375	0.664456	0.770144	0.98534	0.948041	0.994818	0.572996	0.898419	0.711978	0.849338	0.766626	0.689072	0.918961	0.666182	0.798343	0.580697	0.788355	0.783075	0.665842	0.734487	0.799761	0.79576	0.968353	0.991225	0.993675	0.981715	0.875199	0.97352	0.864155	0.673819	0.803122	0.732722	0.955453	0.71186	0.865096	0.753744	0.775881	0.918457	0.765964	0.947296	0.784472
SRR6468659	0.616676	0.488359	0.546441	0.654936	0.590713	0.609214	0.482783	0.707319	0.60044	0.663685	0	0.62223	0.621282	0.643801	0.656995	0.555362	0.697306	0.526473	0.630902	0.768167	0.511063	0.529177	0.701406	0.732352	0.581542	0.684919	0.73046	0.555546	0.76039	0.558016	0.624032	0.722489	0.631118	0.497902	0.890534	0.592674	0.774045	0.753237	0.693747	0.901792	0.988635	0.741159	0.63003	0.980313	0.631922	0.658581	0.640019	0.66708	0.788536	0.791661	0.918219	0.879057	0.833994	0.950951	0.914846	0.749832	0.995487	0.968818	0.935838	0.924083	0.989474	0.998064	0.729701	0.895967	0.794234	0.731091	0.952218	0.785221	0.6134	0.719049	0.696939	0.851913	0.860595	0.826628	0.795934	0.997075	0.982931	0.981555	0.79903	0.931959	0.75923	0.548558	0.870948	0.695399	0.794648	0.99724	0.934306	0.998154	0.896826	0.743273	0.995091	0.77197	0.639433	0.594199	0.810986	0.993185	0.981792	0.86437	0.577459	0.73995	0.486843	0.874368	0.763221	0.641173	0.668852	0.703339	0.663538	0.776138	0.63873	0.640655	0.946678	0.683402	0.825742	0.765382	0.69728	0.715007	0.763317	0.975947	0.893723	0.992594	0.603826	0.813987	0.702272	0.859275	0.686762	0.66551	0.872946	0.55545	0.646416	0.631823	0.661305	0.738031	0.653318	0.688645	0.698082	0.703021	0.934799	0.997624	0.990678	0.952853	0.717056	0.989477	0.719309	0.658304	0.78121	0.709775	0.958466	0.727259	0.767641	0.678505	0.719909	0.92876	0.827599	0.924167	0.714499
SRR6468660	0.659875	0.645255	0.740216	0.684978	0.653899	0.653882	0.586468	0.770251	0.658933	0.724457	0.62223	0	0.654017	0.615251	0.731112	0.577238	0.704604	0.63897	0.572921	0.773128	0.699056	0.59986	0.731351	0.73955	0.703843	0.763695	0.835157	0.706588	0.781988	0.670464	0.717282	0.766525	0.645906	0.722988	0.906162	0.521353	0.747619	0.722478	0.610797	0.930995	0.981405	0.818067	0.562737	0.966948	0.611595	0.794167	0.567775	0.678287	0.730453	0.789821	0.905756	0.874585	0.831566	0.900337	0.941484	0.703867	0.999687	0.987505	0.93697	0.944743	0.987986	0.999089	0.754458	0.846283	0.851327	0.722279	0.955044	0.803011	0.660566	0.66656	0.75817	0.884729	0.931398	0.83718	0.818724	0.992068	0.952376	0.980767	0.839867	0.952108	0.697661	0.674607	0.87707	0.665122	0.791854	0.9977	0.920385	0.998423	0.956419	0.731298	0.991044	0.817913	0.579043	0.630587	0.876145	0.998312	0.915813	0.859338	0.815543	0.849958	0.745339	0.839303	0.817692	0.762969	0.679969	0.739374	0.725986	0.80427	0.641349	0.698148	0.942705	0.672821	0.866876	0.800919	0.767241	0.67741	0.812758	0.967545	0.975117	0.97993	0.713427	0.913687	0.734202	0.87965	0.669269	0.774536	0.899407	0.659274	0.649423	0.714386	0.710312	0.752576	0.752861	0.742133	0.706491	0.744583	0.904681	0.990797	0.984048	0.97867	0.718062	0.988189	0.714171	0.678419	0.796082	0.823827	0.98741	0.820875	0.789041	0.685297	0.709285	0.858699	0.843673	0.928975	0.7497
SRR6468621	0.619399	0.557169	0.593308	0.595676	0.65088	0.630116	0.496523	0.66725	0.64147	0.693318	0.621282	0.654017	0	0.571102	0.73367	0.539729	0.600289	0.605054	0.632904	0.774882	0.715359	0.695977	0.600614	0.66822	0.61742	0.679066	0.76378	0.636968	0.722912	0.70471	0.715834	0.750053	0.576479	0.585328	0.872667	0.59324	0.78037	0.755275	0.618194	0.945269	0.963453	0.834855	0.599955	0.925486	0.616664	0.722096	0.506825	0.68315	0.592397	0.689478	0.887545	0.687197	0.822937	0.839924	0.982375	0.811596	0.996203	0.994085	0.972367	0.96258	0.978008	0.996268	0.813115	0.904107	0.771601	0.793268	0.945847	0.612917	0.748585	0.630232	0.709625	0.822473	0.938587	0.717912	0.780849	0.973724	0.949831	0.956036	0.737007	0.947501	0.59738	0.628148	0.826707	0.6145	0.820498	0.98107	0.883498	0.996782	0.970437	0.844713	0.990043	0.846156	0.634082	0.708467	0.881023	0.996115	0.934382	0.772375	0.805408	0.873829	0.665919	0.695678	0.686777	0.677367	0.624437	0.618449	0.624335	0.629414	0.619317	0.731596	0.910977	0.645668	0.739198	0.758412	0.703932	0.638134	0.779311	0.942254	0.983242	0.991753	0.588887	0.8297	0.691562	0.81932	0.625699	0.688163	0.920389	0.697131	0.645489	0.726373	0.707443	0.642928	0.778734	0.76835	0.757959	0.676024	0.860376	0.993328	0.987116	0.991317	0.735076	0.966666	0.656923	0.662032	0.810579	0.785935	0.936789	0.830852	0.757963	0.683342	0.596538	0.897931	0.820718	0.8097	0.790544
SRR6468622	0.690794	0.628705	0.72651	0.612214	0.660523	0.667481	0.57738	0.786169	0.735577	0.742995	0.643801	0.615251	0.571102	0	0.747243	0.528713	0.70896	0.699177	0.622674	0.838483	0.755545	0.664029	0.733797	0.477445	0.633083	0.790306	0.808162	0.633719	0.66209	0.676424	0.592175	0.698177	0.652867	0.674846	0.930688	0.61526	0.878155	0.641379	0.711942	0.94325	0.979789	0.840641	0.552961	0.955017	0.440072	0.781075	0.475301	0.565637	0.655243	0.795458	0.91429	0.719216	0.810891	0.946537	0.967118	0.772645	0.999574	0.992537	0.965902	0.957709	0.984305	0.999282	0.667384	0.944301	0.860343	0.665571	0.960555	0.749495	0.716562	0.727317	0.713671	0.855867	0.918671	0.82108	0.701934	0.995331	0.996694	0.977485	0.823288	0.95326	0.605206	0.658371	0.89353	0.663907	0.830591	0.998057	0.923651	0.998504	0.947692	0.780314	0.997271	0.836592	0.494871	0.582323	0.943719	0.998189	0.954533	0.860128	0.853609	0.904496	0.672599	0.86488	0.790772	0.68782	0.575872	0.69633	0.660324	0.703663	0.47227	0.849823	0.942429	0.582544	0.828151	0.797523	0.800874	0.739581	0.847316	0.977028	0.98154	0.996333	0.70322	0.904636	0.795506	0.917434	0.612947	0.789177	0.931462	0.680708	0.622141	0.754501	0.738802	0.714701	0.826272	0.754563	0.713584	0.673189	0.915578	0.993307	0.991676	0.994727	0.655698	0.981794	0.602579	0.691897	0.742398	0.859489	0.972246	0.897582	0.801567	0.711359	0.633165	0.860558	0.801031	0.907623	0.703482
SRR6468679	0.624204	0.636289	0.626684	0.721228	0.698391	0.699542	0.656817	0.751516	0.59974	0.591363	0.656995	0.731112	0.73367	0.747243	0	0.625527	0.752944	0.571173	0.636849	0.810806	0.638715	0.633546	0.664276	0.846087	0.612676	0.721948	0.742564	0.718674	0.771557	0.704867	0.73779	0.637352	0.717957	0.711402	0.940912	0.759031	0.787847	0.796749	0.759527	0.952354	0.985005	0.798406	0.810308	0.969512	0.711867	0.741986	0.707326	0.750052	0.801347	0.791426	0.831667	0.905083	0.909596	0.969217	0.9164	0.827219	0.99971	0.992656	0.895123	0.946634	0.969586	0.985369	0.802835	0.903238	0.829282	0.843566	0.953559	0.820167	0.748168	0.756502	0.832545	0.851185	0.87904	0.849381	0.856932	0.996913	0.971927	0.963326	0.826465	0.972478	0.72396	0.639458	0.911979	0.733878	0.86506	0.981369	0.896263	0.998288	0.954176	0.807328	0.984261	0.835969	0.75474	0.674962	0.851846	0.995867	0.960053	0.853801	0.835238	0.826357	0.732821	0.837313	0.733634	0.756176	0.757653	0.692352	0.738765	0.664973	0.758521	0.762424	0.973371	0.791717	0.787965	0.658967	0.665605	0.716786	0.820284	0.984351	0.958443	0.990119	0.630809	0.854483	0.691637	0.813758	0.741018	0.696839	0.899288	0.645532	0.812666	0.695584	0.728008	0.757671	0.631173	0.756678	0.779583	0.794738	0.951702	0.98992	0.99225	0.979157	0.860299	0.99155	0.816233	0.624093	0.761801	0.692264	0.938198	0.762793	0.858144	0.715711	0.804822	0.897571	0.741804	0.945697	0.796335
SRR6468678	0.613336	0.57186	0.588253	0.612584	0.60191	0.660121	0.49669	0.756299	0.568331	0.659761	0.555362	0.577238	0.539729	0.528713	0.625527	0	0.614315	0.516193	0.45284	0.823673	0.624691	0.554121	0.705793	0.625674	0.545635	0.728568	0.798779	0.597847	0.712256	0.664979	0.66283	0.630782	0.61718	0.646805	0.923804	0.516499	0.785689	0.696174	0.636165	0.903203	0.968401	0.842253	0.510026	0.94729	0.519215	0.778865	0.457449	0.619913	0.597855	0.729856	0.826992	0.797584	0.818598	0.898257	0.958881	0.724603	0.990693	0.988772	0.89833	0.930398	0.966875	0.968206	0.734038	0.88959	0.838961	0.668302	0.938775	0.72879	0.608097	0.652742	0.710024	0.856328	0.932383	0.792935	0.791629	0.984636	0.947576	0.963041	0.765216	0.944956	0.618169	0.56459	0.898428	0.589811	0.862136	0.957521	0.889045	0.996256	0.96345	0.777783	0.97568	0.857445	0.536415	0.487224	0.910974	0.995273	0.946818	0.830015	0.796607	0.864588	0.676058	0.729997	0.706851	0.669892	0.619667	0.642751	0.562241	0.602597	0.584042	0.749521	0.943632	0.538839	0.742299	0.681769	0.714212	0.599834	0.855164	0.960697	0.955631	0.994348	0.597868	0.854726	0.716868	0.813088	0.599177	0.679152	0.885057	0.602077	0.623606	0.710843	0.701189	0.667993	0.723806	0.693775	0.719329	0.755062	0.925914	0.993144	0.987874	0.973961	0.677766	0.968718	0.699892	0.640266	0.789056	0.765023	0.939901	0.78712	0.783097	0.650291	0.602424	0.841814	0.752549	0.914111	0.72741
SRR6468681	0.719718	0.707201	0.60282	0.732343	0.651447	0.609724	0.667273	0.678058	0.609595	0.836974	0.697306	0.704604	0.600289	0.70896	0.752944	0.614315	0	0.698802	0.649954	0.826469	0.717477	0.698687	0.657713	0.802823	0.775567	0.789412	0.875025	0.747132	0.822256	0.727381	0.782047	0.842519	0.703275	0.699097	0.902436	0.682838	0.819521	0.718716	0.562195	0.93799	0.877292	0.780782	0.610671	0.841704	0.738959	0.72823	0.619193	0.759546	0.664021	0.666533	0.864597	0.802741	0.734007	0.734556	0.981568	0.70228	0.98811	0.874314	0.936203	0.877436	0.956845	0.997215	0.723189	0.743526	0.620129	0.696243	0.960058	0.630096	0.678504	0.679944	0.777587	0.772362	0.930449	0.661991	0.816069	0.95162	0.822983	0.965064	0.741809	0.979558	0.682089	0.59626	0.710508	0.553106	0.719443	0.993281	0.776948	0.998186	0.930924	0.790902	0.895042	0.769892	0.760968	0.701569	0.919729	0.96812	0.908055	0.710478	0.807453	0.81351	0.785191	0.701357	0.640469	0.771389	0.654608	0.611333	0.722507	0.740882	0.708321	0.810035	0.820677	0.687973	0.66255	0.749011	0.692485	0.736447	0.791438	0.873918	0.988623	0.941013	0.636073	0.641668	0.685502	0.871022	0.71297	0.691324	0.876314	0.743915	0.691851	0.827195	0.742385	0.805742	0.843245	0.815036	0.779134	0.795884	0.819491	0.88517	0.872728	0.951339	0.716478	0.955034	0.747696	0.792489	0.81242	0.816085	0.937072	0.851065	0.790902	0.749582	0.767099	0.820939	0.879103	0.823065	0.779535
SRR6468528	0.518208	0.497687	0.559982	0.69673	0.649428	0.689799	0.530091	0.725992	0.545189	0.569224	0.526473	0.63897	0.605054	0.699177	0.571173	0.516193	0.698802	0	0.529764	0.781089	0.469269	0.56225	0.671784	0.757077	0.514045	0.64352	0.642166	0.583216	0.723332	0.612342	0.658162	0.633045	0.578285	0.602903	0.929111	0.537943	0.712121	0.778319	0.704051	0.908333	0.97375	0.735556	0.634885	0.966155	0.689443	0.68363	0.65949	0.721503	0.746967	0.818413	0.889109	0.853874	0.86525	0.934075	0.906422	0.781824	0.991408	0.991179	0.897138	0.889147	0.973573	0.993972	0.819218	0.890266	0.852288	0.751851	0.934372	0.792717	0.666898	0.682617	0.733793	0.89082	0.8966	0.830102	0.799472	0.974121	0.944686	0.967966	0.812898	0.912938	0.715157	0.485989	0.906099	0.751204	0.855613	0.979147	0.935124	0.996009	0.927695	0.78355	0.994469	0.810888	0.671264	0.590716	0.785039	0.995116	0.966086	0.865748	0.732129	0.763327	0.636701	0.840046	0.751527	0.684133	0.674939	0.722816	0.677654	0.678104	0.712415	0.623793	0.953079	0.73028	0.820716	0.718324	0.64414	0.630405	0.808065	0.955087	0.947533	0.996114	0.576726	0.871454	0.662946	0.839802	0.661604	0.634558	0.863398	0.428413	0.682779	0.632351	0.64483	0.709459	0.548992	0.617919	0.731885	0.700133	0.959949	0.99131	0.992029	0.960086	0.773046	0.972557	0.743559	0.56319	0.753982	0.716738	0.949932	0.709416	0.758199	0.631407	0.700258	0.89529	0.749726	0.919137	0.707327
SRR6468673	0.588454	0.635393	0.64911	0.729944	0.663628	0.63613	0.542139	0.736481	0.626379	0.611496	0.630902	0.572921	0.632904	0.622674	0.636849	0.45284	0.649954	0.529764	0	0.826779	0.661671	0.606102	0.695724	0.707842	0.605825	0.676071	0.733341	0.706899	0.71445	0.664349	0.722456	0.715678	0.675821	0.753347	0.923242	0.614726	0.811428	0.694051	0.661752	0.95886	0.980718	0.854143	0.616621	0.969782	0.644226	0.783033	0.581382	0.61565	0.720394	0.769809	0.870248	0.885564	0.83668	0.909746	0.988668	0.735236	0.992242	0.990501	0.926407	0.980485	0.985292	0.997522	0.762909	0.891438	0.865237	0.717956	0.954452	0.813192	0.660893	0.750492	0.800932	0.862479	0.95742	0.85319	0.859702	0.992844	0.95306	0.978622	0.848059	0.967267	0.659915	0.647039	0.880907	0.629822	0.884552	0.991558	0.903874	0.997918	0.977444	0.811525	0.992001	0.874858	0.657159	0.624829	0.890742	0.994116	0.96215	0.882912	0.842238	0.889399	0.752961	0.811071	0.736046	0.783302	0.737761	0.672214	0.693088	0.67968	0.696302	0.773298	0.947866	0.682516	0.794593	0.697839	0.708148	0.638181	0.846534	0.968756	0.983052	0.988781	0.586217	0.871199	0.694029	0.877925	0.738935	0.654449	0.939209	0.645063	0.762016	0.682638	0.736432	0.785568	0.73184	0.767305	0.737342	0.838925	0.945415	0.995191	0.988132	0.987524	0.790578	0.965333	0.795276	0.694454	0.820098	0.758529	0.973963	0.828989	0.845514	0.67822	0.726295	0.894302	0.748007	0.936067	0.752907
SRR6468695	0.770323	0.708853	0.765381	0.820346	0.748755	0.758733	0.742744	0.650501	0.713715	0.790734	0.768167	0.773128	0.774882	0.838483	0.810806	0.823673	0.826469	0.781089	0.826779	0	0.698018	0.809456	0.81049	0.889789	0.730482	0.755088	0.830868	0.848449	0.848316	0.764982	0.841596	0.875767	0.798943	0.763505	0.848106	0.784087	0.770866	0.828727	0.809736	0.940717	0.977771	0.729142	0.735594	0.876003	0.852322	0.720749	0.827768	0.77332	0.91057	0.812835	0.941496	0.927837	0.929976	0.952817	0.917605	0.777227	0.999475	0.990022	0.987037	0.98827	0.991313	0.999301	0.824698	0.871716	0.804974	0.784304	0.973936	0.826185	0.763701	0.82937	0.872838	0.826832	0.904192	0.842172	0.923519	0.997788	0.912094	0.947077	0.765101	0.952265	0.877428	0.802369	0.934401	0.844056	0.757335	0.995424	0.912449	0.998402	0.938062	0.802454	0.986206	0.692025	0.76296	0.834788	0.699449	0.998722	0.832693	0.905047	0.827981	0.763469	0.772147	0.946253	0.836425	0.815713	0.846505	0.772997	0.841087	0.854369	0.841243	0.630026	0.919678	0.856028	0.870541	0.845788	0.798263	0.823264	0.695539	0.888092	0.992808	0.967766	0.799933	0.823928	0.776201	0.855775	0.843145	0.705582	0.681367	0.786672	0.84689	0.780816	0.784409	0.891944	0.793728	0.819004	0.760058	0.711176	0.95163	0.997121	0.982677	0.835742	0.869607	0.979452	0.901419	0.726606	0.871503	0.680697	0.983807	0.732101	0.778921	0.724832	0.866246	0.889646	0.898413	0.90715	0.858674
SRR6468523	0.551327	0.544461	0.54514	0.666314	0.59254	0.606649	0.595432	0.753155	0.579949	0.690018	0.511063	0.699056	0.715359	0.755545	0.638715	0.624691	0.717477	0.469269	0.661671	0.698018	0	0.546983	0.701415	0.843981	0.600704	0.694661	0.717223	0.566244	0.74975	0.581505	0.703373	0.720162	0.664211	0.550919	0.93396	0.608918	0.679728	0.839025	0.752476	0.91927	0.984966	0.69899	0.683632	0.964884	0.706787	0.623248	0.752927	0.696377	0.827372	0.835323	0.887089	0.925777	0.796688	0.959859	0.816913	0.79309	0.983634	0.991054	0.822891	0.915491	0.988405	0.99751	0.794762	0.803295	0.825619	0.744706	0.953849	0.827866	0.595055	0.766851	0.74813	0.863352	0.863035	0.853541	0.855907	0.993296	0.883361	0.981378	0.84663	0.92524	0.774444	0.564033	0.912452	0.770067	0.789468	0.994357	0.950363	0.998015	0.915078	0.753263	0.992172	0.795367	0.720352	0.61661	0.809079	0.998526	0.955365	0.879203	0.710677	0.707578	0.568803	0.899243	0.770116	0.652171	0.731379	0.752264	0.712211	0.753161	0.715225	0.594675	0.971486	0.793521	0.795657	0.643692	0.568772	0.67429	0.697752	0.977216	0.904518	0.992054	0.664156	0.841634	0.753118	0.825899	0.69359	0.642673	0.786766	0.499362	0.700615	0.650373	0.654226	0.755669	0.483129	0.658908	0.742487	0.690605	0.962185	0.995455	0.986446	0.928283	0.816067	0.988473	0.802731	0.625644	0.766085	0.647253	0.973631	0.663182	0.790031	0.730029	0.771128	0.894473	0.800086	0.950852	0.759219
SRR6468522	0.629382	0.569732	0.605418	0.664113	0.668259	0.652164	0.522901	0.780012	0.607117	0.657237	0.529177	0.59986	0.695977	0.664029	0.633546	0.554121	0.698687	0.56225	0.606102	0.809456	0.546983	0	0.784296	0.733851	0.609242	0.77528	0.760154	0.61221	0.784097	0.459815	0.664384	0.715719	0.656373	0.618925	0.925033	0.597116	0.765041	0.78665	0.653594	0.899969	0.984287	0.777019	0.621973	0.974434	0.606011	0.685459	0.64666	0.681128	0.801313	0.839732	0.913172	0.871835	0.843176	0.961049	0.873991	0.78877	0.985162	0.991117	0.873908	0.889362	0.980887	0.998924	0.778446	0.903551	0.86937	0.743165	0.951798	0.843044	0.625561	0.730472	0.733564	0.874717	0.884793	0.868024	0.767535	0.993029	0.949238	0.97658	0.858873	0.902407	0.771369	0.55866	0.89143	0.732146	0.858266	0.995377	0.953563	0.997765	0.89	0.753693	0.995386	0.786478	0.569211	0.560952	0.797781	0.994785	0.972421	0.903382	0.753112	0.782189	0.671079	0.91076	0.776397	0.722854	0.659078	0.744898	0.692724	0.793491	0.638372	0.692793	0.978279	0.706961	0.808585	0.723194	0.651149	0.648734	0.779257	0.970068	0.957386	0.992989	0.585032	0.880883	0.647347	0.906569	0.663609	0.651255	0.841493	0.543314	0.670865	0.605288	0.709675	0.691475	0.683535	0.644565	0.713796	0.712031	0.958979	0.991134	0.988298	0.990872	0.696462	0.98674	0.705727	0.623464	0.785997	0.744965	0.934917	0.751438	0.768462	0.651205	0.676004	0.915688	0.84037	0.927811	0.74584
SRR6468567	0.625434	0.679414	0.560163	0.72713	0.678652	0.607464	0.644429	0.684004	0.653626	0.692415	0.701406	0.731351	0.600614	0.733797	0.664276	0.705793	0.657713	0.671784	0.695724	0.81049	0.701415	0.784296	0	0.880201	0.714889	0.676353	0.750784	0.749583	0.772614	0.698175	0.824607	0.828116	0.718814	0.714878	0.941861	0.749578	0.856503	0.832465	0.761341	0.95386	0.975524	0.846673	0.786082	0.944288	0.806965	0.759588	0.72368	0.706639	0.760364	0.731882	0.913735	0.89607	0.800251	0.887957	0.963222	0.835101	0.994937	0.991391	0.955663	0.977914	0.984312	0.997191	0.750738	0.912944	0.7394	0.84432	0.966347	0.662833	0.80802	0.809495	0.866328	0.821754	0.937112	0.713542	0.877584	0.987472	0.951739	0.979174	0.808665	0.971748	0.645108	0.700295	0.816988	0.643049	0.801009	0.98913	0.876128	0.997569	0.972615	0.888133	0.991938	0.870191	0.814505	0.830004	0.894394	0.997177	0.95637	0.754039	0.891672	0.894385	0.791739	0.801136	0.769684	0.818508	0.733823	0.686182	0.807148	0.737202	0.786317	0.807239	0.918887	0.738228	0.774926	0.685834	0.704652	0.740483	0.775218	0.976105	0.995813	0.996692	0.660746	0.786198	0.755684	0.85504	0.816205	0.745515	0.942789	0.769865	0.815993	0.827793	0.822267	0.824013	0.751667	0.830463	0.868741	0.800525	0.849185	0.992436	0.990003	0.991254	0.83706	0.974472	0.774359	0.809417	0.862716	0.780994	0.951604	0.849315	0.906351	0.801861	0.790108	0.946827	0.868912	0.887245	0.876941
SRR6468639	0.788915	0.775275	0.820171	0.771558	0.749392	0.76599	0.698546	0.829265	0.826564	0.819199	0.732352	0.73955	0.66822	0.477445	0.846087	0.625674	0.802823	0.757077	0.707842	0.889789	0.843981	0.733851	0.880201	0	0.756949	0.900675	0.861798	0.748669	0.692201	0.79534	0.631409	0.71863	0.776781	0.782708	0.929932	0.723999	0.909422	0.710376	0.786766	0.942322	0.822542	0.90271	0.635256	0.969074	0.656515	0.901472	0.649212	0.652289	0.694568	0.876105	0.924476	0.787744	0.805652	0.948288	0.969629	0.799481	0.961796	0.971942	0.968363	0.9372	0.94228	0.991978	0.692087	0.977293	0.91793	0.695912	0.962128	0.809411	0.780002	0.774066	0.750137	0.924325	0.958272	0.881792	0.740016	0.957187	0.97956	0.950542	0.874255	0.949757	0.788449	0.750689	0.932459	0.760642	0.897461	0.986848	0.930118	0.963862	0.97604	0.85044	0.996114	0.91048	0.577537	0.648074	0.970411	0.962496	0.943871	0.907316	0.906954	0.958563	0.78338	0.843911	0.859526	0.805935	0.765451	0.792959	0.740756	0.760174	0.653001	0.875208	0.89924	0.664085	0.856086	0.882688	0.89088	0.803919	0.890097	0.936068	0.998231	0.976493	0.7926	0.936836	0.838701	0.962422	0.798073	0.859812	0.980879	0.805047	0.709454	0.805338	0.795916	0.761322	0.912129	0.866567	0.772885	0.865221	0.954171	0.990971	0.992641	0.998297	0.747334	0.969259	0.750326	0.802656	0.760171	0.909232	0.940801	0.940567	0.79036	0.796899	0.700486	0.831598	0.828169	0.87759	0.707854
SRR6468617	0.606091	0.549324	0.629613	0.688959	0.690435	0.717581	0.565711	0.725878	0.638814	0.504461	0.581542	0.703843	0.61742	0.633083	0.612676	0.545635	0.775567	0.514045	0.605825	0.730482	0.600704	0.609242	0.714889	0.756949	0	0.655354	0.600474	0.616923	0.646036	0.707437	0.589328	0.568056	0.622166	0.63938	0.918703	0.640882	0.80992	0.868648	0.685226	0.947588	0.975575	0.7809	0.751559	0.977102	0.680652	0.740236	0.693289	0.659418	0.798598	0.81793	0.929152	0.855601	0.930409	0.977777	0.944975	0.870783	0.99484	0.992182	0.960769	0.956236	0.971247	0.997068	0.852348	0.929212	0.83814	0.841439	0.945504	0.834343	0.753114	0.704077	0.7399	0.887325	0.887667	0.860769	0.782378	0.991547	0.990656	0.960227	0.825543	0.944123	0.739841	0.631723	0.889676	0.815962	0.84849	0.989273	0.923178	0.99765	0.938627	0.850906	0.992626	0.839975	0.700181	0.690138	0.798885	0.996901	0.960587	0.886093	0.815003	0.812916	0.653061	0.91038	0.766222	0.660446	0.765471	0.730309	0.661984	0.714513	0.748289	0.674485	0.942088	0.774821	0.835208	0.727179	0.684047	0.659646	0.78887	0.968652	0.941783	0.989733	0.624692	0.856416	0.65871	0.852492	0.719966	0.623848	0.894479	0.561411	0.748357	0.565286	0.71852	0.689469	0.589334	0.621126	0.771453	0.700758	0.952236	0.985505	0.991779	0.973723	0.825236	0.972241	0.795816	0.643434	0.750941	0.693394	0.929668	0.696043	0.831766	0.643162	0.703521	0.857318	0.736738	0.937721	0.692522
SRR6468615	0.70038	0.588768	0.664858	0.756506	0.737827	0.738319	0.628913	0.754681	0.709263	0.695732	0.684919	0.763695	0.679066	0.790306	0.721948	0.728568	0.789412	0.64352	0.676071	0.755088	0.694661	0.77528	0.676353	0.900675	0.655354	0	0.699468	0.72603	0.694536	0.727561	0.795103	0.798078	0.71163	0.68517	0.954566	0.760751	0.789704	0.828143	0.803921	0.888719	0.988023	0.793666	0.774787	0.965012	0.807979	0.741651	0.781262	0.76874	0.825473	0.817789	0.921457	0.905478	0.917034	0.922086	0.968612	0.891513	0.996605	0.992597	0.976039	0.909593	0.988443	0.997582	0.89485	0.883927	0.801009	0.853449	0.953783	0.769938	0.781131	0.836648	0.828234	0.885876	0.907403	0.825577	0.86798	0.995139	0.986968	0.986653	0.833961	0.963724	0.790036	0.722069	0.876635	0.817996	0.852371	0.992368	0.952116	0.998001	0.938134	0.812038	0.995205	0.818206	0.813107	0.773319	0.784505	0.998094	0.96804	0.815391	0.84405	0.812058	0.713393	0.853441	0.837352	0.800761	0.815053	0.789878	0.798834	0.763509	0.780005	0.696159	0.950025	0.842528	0.814996	0.791824	0.711241	0.775805	0.838171	0.984662	0.972923	0.982656	0.64033	0.838965	0.766628	0.86095	0.804419	0.684166	0.858579	0.703391	0.814851	0.689955	0.820151	0.79961	0.695672	0.769989	0.781836	0.742298	0.938873	0.99719	0.992594	0.923521	0.852536	0.986513	0.822561	0.674837	0.826721	0.770319	0.916404	0.737509	0.841462	0.763513	0.771114	0.868014	0.789569	0.939187	0.822932
SRR6468616	0.655664	0.719868	0.72446	0.822233	0.818458	0.768282	0.721855	0.801713	0.769489	0.57604	0.73046	0.835157	0.76378	0.808162	0.742564	0.798779	0.875025	0.642166	0.733341	0.830868	0.717223	0.760154	0.750784	0.861798	0.600474	0.699468	0	0.778536	0.757263	0.799157	0.74752	0.709866	0.798785	0.788552	0.952518	0.834451	0.854231	0.942891	0.855616	0.986025	0.985127	0.903653	0.900931	0.989247	0.857779	0.863357	0.850332	0.786962	0.917696	0.908028	0.954634	0.921874	0.949451	0.989005	0.959636	0.948837	0.998948	0.982208	0.964125	0.991922	0.987188	0.998949	0.940592	0.936569	0.882685	0.941053	0.980885	0.8862	0.875482	0.860794	0.880705	0.945623	0.955407	0.934549	0.880438	0.998856	0.971809	0.983081	0.908911	0.98031	0.831212	0.751777	0.923329	0.874725	0.953993	0.996242	0.973165	0.997663	0.988164	0.948899	0.999207	0.943508	0.850982	0.872774	0.805775	0.997091	0.987902	0.939764	0.908913	0.900478	0.810186	0.932321	0.879208	0.777354	0.901312	0.850161	0.811445	0.778948	0.898391	0.741339	0.97644	0.855784	0.929942	0.82482	0.768588	0.769895	0.831264	0.994371	0.952463	0.99561	0.717583	0.905494	0.79478	0.888553	0.858435	0.706762	0.945359	0.718781	0.900964	0.687149	0.847824	0.850269	0.654527	0.799449	0.864142	0.845497	0.977904	0.995497	0.996221	0.981581	0.92421	0.985398	0.906181	0.779233	0.840395	0.769382	0.984554	0.744188	0.932474	0.792473	0.847535	0.940002	0.78649	0.973978	0.811121
