	SRR6468502	SRR6468504	SRR6468505	SRR6468506	SRR6468507	SRR6468508	SRR6468509	SRR6468510	SRR6468511	SRR6468512	SRR6468513	SRR6468520	SRR6468521	SRR6468522	SRR6468523	SRR6468524	SRR6468525	SRR6468526	SRR6468527	SRR6468528	SRR6468529	SRR6468530	SRR6468559	SRR6468560	SRR6468561	SRR6468562	SRR6468563	SRR6468564	SRR6468567	SRR6468568	SRR6468569	SRR6468570	SRR6468571	SRR6468572	SRR6468573	SRR6468574	SRR6468575	SRR6468576	SRR6468579	SRR6468580	SRR6468581	SRR6468582	SRR6468583	SRR6468584	SRR6468585	SRR6468586	SRR6468587	SRR6468588	SRR6468589	SRR6468590	SRR6468591	SRR6468592	SRR6468593	SRR6468594	SRR6468595	SRR6468596	SRR6468597	SRR6468598	SRR6468599	SRR6468600	SRR6468601	SRR6468602	SRR6468603	SRR6468604	SRR6468605	SRR6468606	SRR6468607	SRR6468608	SRR6468609	SRR6468610	SRR6468611	SRR6468612	SRR6468613	SRR6468614	SRR6468615	SRR6468616	SRR6468617	SRR6468618	SRR6468619	SRR6468620	SRR6468621	SRR6468622	SRR6468623	SRR6468624	SRR6468625	SRR6468626	SRR6468627	SRR6468628	SRR6468629	SRR6468630	SRR6468631	SRR6468632	SRR6468633	SRR6468634	SRR6468635	SRR6468636	SRR6468637	SRR6468638	SRR6468639	SRR6468640	SRR6468652	SRR6468653	SRR6468654	SRR6468655	SRR6468656	SRR6468657	SRR6468658	SRR6468659	SRR6468660	SRR6468661	SRR6468662	SRR6468663	SRR6468664	SRR6468665	SRR6468666	SRR6468667	SRR6468668	SRR6468671	SRR6468672	SRR6468673	SRR6468674	SRR6468675	SRR6468676	SRR6468677	SRR6468678	SRR6468679	SRR6468680	SRR6468681	SRR6468682	SRR6468683	SRR6468684	SRR6468685	SRR6468686	SRR6468687	SRR6468688	SRR6468689	SRR6468690	SRR6468691	SRR6468692	SRR6468693	SRR6468694	SRR6468695	SRR6468696	SRR6468697	SRR6468698	SRR6468699	SRR6468700	SRR6468701	SRR6468702	SRR6468703	SRR6468704	SRR6468705	SRR6468706	SRR6468708	SRR6468709
SRR6468502	0	0.740958	0.899795	0.889219	0.784185	0.826279	0.887818	0.861639	0.871349	0.883687	0.890923	0.725445	0.990614	0.861837	0.871092	0.864113	0.850007	0.584064	0.689752	0.870913	0.85214	0.829869	0.832436	0.825834	0.870279	0.930299	0.890699	0.733401	0.64646	0.527575	0.67199	0.853346	0.602014	0.873535	0.786369	0.852703	0.597624	0.838719	0.831896	0.887731	0.803256	0.870492	0.886051	0.732035	0.838696	0.608993	0.585722	0.82934	0.891901	0.553582	0.914733	0.828872	0.904738	0.792807	0.696991	0.627981	0.825901	0.638054	0.83807	0.84004	0.810645	0.514418	0.748765	0.839389	0.900578	0.843014	0.793839	0.79976	0.695055	0.886466	0.884459	0.760214	0.873416	0.837509	0.851771	0.859471	0.852981	0.819938	0.905245	0.887248	0.726169	0.79537	0.730618	0.493487	0.846259	0.804456	0.86914	0.86719	0.978092	0.869532	0.790781	0.763419	0.833165	0.883078	0.887203	0.877072	0.84654	0.983966	0.855082	0.584155	0.933498	0.807227	0.912805	0.800305	0.834624	0.869152	0.856458	0.849521	0.811812	0.92522	0.677919	0.841462	0.615293	0.670224	0.825826	0.949356	0.757701	0.709331	0.923121	0.819167	0.786901	0.65692	0.632176	0.912293	0.821847	0.846826	0.769728	0.523277	0.809304	0.882743	0.847382	0.842718	0.879999	0.844429	0.915821	0.846672	0.512484	0.833795	0.913338	0.760093	0.778835	0.830195	0.42694	0.792296	0.823981	0.892532	0.79182	0.932461	0.901951	0.62647	0.850811	0.827331	0.870559	0.851701	0.849427
SRR6468504	0.740958	0	0.513787	0.547769	0.750849	0.682902	0.597568	0.707823	0.806436	0.603728	0.470683	0.712582	0.989694	0.510062	0.633894	0.779825	0.768641	0.699935	0.811916	0.507397	0.60999	0.641856	0.587324	0.654362	0.62634	0.825788	0.801665	0.809626	0.685451	0.769547	0.709006	0.439424	0.647059	0.73705	0.5531	0.63983	0.684985	0.671993	0.512214	0.851442	0.775399	0.677965	0.7032	0.598985	0.634411	0.820136	0.80265	0.591365	0.888242	0.651433	0.884246	0.583917	0.874208	0.673086	0.897101	0.830873	0.529122	0.69225	0.357267	0.745935	0.538092	0.739219	0.468927	0.613759	0.651222	0.636318	0.74048	0.526843	0.730686	0.812749	0.639761	0.617288	0.489301	0.613613	0.655132	0.620035	0.506003	0.9207	0.712082	0.640753	0.476758	0.345713	0.678497	0.822917	0.533543	0.637788	0.620287	0.518534	0.978311	0.484623	0.680463	0.481253	0.477229	0.520515	0.726947	0.59854	0.700941	0.976599	0.616406	0.791359	0.861649	0.641398	0.91444	0.779205	0.719498	0.636009	0.732362	0.508617	0.500486	0.94045	0.861796	0.892244	0.866372	0.663486	0.619203	0.901632	0.378824	0.452012	0.93132	0.604287	0.73123	0.777541	0.684521	0.752767	0.539683	0.663936	0.608737	0.661701	0.769059	0.530214	0.641539	0.484518	0.524473	0.463199	0.601585	0.611356	0.688589	0.503631	0.908449	0.718296	0.642015	0.785728	0.82399	0.506887	0.322222	0.72955	0.835387	0.752878	0.675973	0.778591	0.496191	0.76203	0.54035	0.569557	0.532178
SRR6468505	0.899795	0.513787	0	0.356453	0.846636	0.605156	0.501393	0.581562	0.857215	0.647062	0.289102	0.724158	0.993774	0.406877	0.453385	0.773872	0.59124	0.728499	0.679342	0.397914	0.652414	0.585362	0.419597	0.614004	0.638389	0.867897	0.850136	0.795561	0.774326	0.85146	0.790454	0.375248	0.719108	0.676456	0.716144	0.493708	0.575571	0.565673	0.303515	0.817732	0.766037	0.581389	0.606464	0.533033	0.481347	0.934092	0.841286	0.535179	0.900742	0.807725	0.973321	0.505812	0.892527	0.56085	0.909634	0.913628	0.446149	0.753515	0.509507	0.778615	0.391799	0.887096	0.656301	0.482819	0.438731	0.342768	0.705133	0.663062	0.76516	0.736178	0.498246	0.442226	0.362354	0.568111	0.434674	0.600231	0.449988	0.950728	0.617363	0.481372	0.623142	0.508348	0.671792	0.909008	0.525182	0.567244	0.614802	0.275626	0.998567	0.510573	0.760727	0.489841	0.334832	0.260236	0.610005	0.443523	0.534755	0.990227	0.727641	0.869061	0.898158	0.459388	0.967317	0.785949	0.65842	0.535787	0.791777	0.380926	0.452595	0.997299	0.90606	0.975094	0.943356	0.748725	0.405323	0.710296	0.449451	0.714996	0.978151	0.597459	0.715841	0.910745	0.700716	0.71716	0.56661	0.638737	0.561009	0.770616	0.632977	0.386275	0.40471	0.434494	0.501918	0.402369	0.405951	0.482916	0.856325	0.380371	0.980043	0.774754	0.683661	0.594511	0.90789	0.63704	0.393589	0.50113	0.898899	0.65676	0.692349	0.867035	0.491478	0.645226	0.275923	0.466742	0.3898
SRR6468506	0.889219	0.547769	0.356453	0	0.806898	0.561513	0.573108	0.488042	0.864725	0.485537	0.448388	0.650624	0.993396	0.421364	0.384692	0.714111	0.612827	0.708488	0.714142	0.366132	0.526167	0.484188	0.535333	0.545016	0.664279	0.874112	0.835782	0.70469	0.684193	0.8301	0.751596	0.409087	0.698675	0.788507	0.595147	0.421454	0.51625	0.400626	0.396081	0.841095	0.814695	0.559741	0.751694	0.445635	0.599877	0.930367	0.80806	0.408302	0.925313	0.725109	0.978115	0.65818	0.817682	0.564335	0.905784	0.911855	0.391105	0.690978	0.4381	0.704422	0.514577	0.885795	0.522822	0.386209	0.487198	0.48194	0.617736	0.603668	0.71114	0.777143	0.406292	0.664828	0.480361	0.505786	0.460848	0.530759	0.378491	0.963348	0.775308	0.631138	0.56191	0.499774	0.674693	0.90028	0.472362	0.527428	0.564818	0.359787	0.997028	0.525182	0.655102	0.414563	0.454749	0.314981	0.594534	0.371747	0.598512	0.989085	0.690765	0.838212	0.846769	0.585912	0.961445	0.705388	0.458127	0.423091	0.650572	0.427781	0.343941	0.99516	0.798208	0.976217	0.950759	0.744821	0.569334	0.783897	0.542698	0.686273	0.976127	0.49174	0.651314	0.904697	0.700436	0.795899	0.442178	0.487339	0.497102	0.709536	0.592979	0.459658	0.516703	0.453941	0.402337	0.405344	0.457974	0.589306	0.831007	0.415248	0.971875	0.70614	0.744171	0.510766	0.911476	0.592315	0.424044	0.425342	0.912729	0.767492	0.58599	0.842125	0.527543	0.68691	0.353399	0.481799	0.416694
SRR6468507	0.784185	0.750849	0.846636	0.806898	0	0.710784	0.851669	0.868467	0.887392	0.833155	0.879562	0.747394	0.987691	0.813759	0.77917	0.774244	0.848629	0.743488	0.8958	0.783382	0.711656	0.776432	0.813855	0.782056	0.865759	0.955462	0.889407	0.8021	0.67745	0.81455	0.522418	0.752747	0.648317	0.93887	0.650608	0.798246	0.820282	0.803424	0.790091	0.918366	0.83514	0.822989	0.874515	0.783615	0.899667	0.892422	0.618409	0.756417	0.938564	0.739903	0.9581	0.83157	0.766515	0.753889	0.896006	0.876194	0.784145	0.64883	0.721017	0.380704	0.802293	0.790347	0.67773	0.764646	0.856874	0.825571	0.769169	0.647487	0.814643	0.92918	0.825515	0.865205	0.814853	0.768399	0.746879	0.782669	0.772768	0.933991	0.948188	0.892552	0.699694	0.74457	0.568667	0.865903	0.701416	0.765567	0.81957	0.786126	0.987964	0.778205	0.486384	0.706762	0.765442	0.839494	0.806869	0.802643	0.842913	0.988937	0.803004	0.486537	0.576964	0.894106	0.954205	0.68685	0.671098	0.796437	0.458919	0.804461	0.761763	0.984028	0.884569	0.951071	0.916424	0.724958	0.875809	0.981495	0.650884	0.768895	0.967535	0.707002	0.752179	0.825545	0.706785	0.947589	0.636475	0.647676	0.62206	0.719028	0.863088	0.720041	0.82239	0.780102	0.682895	0.794581	0.878044	0.839769	0.729611	0.835945	0.963597	0.650852	0.874747	0.823546	0.858115	0.660201	0.727929	0.850894	0.942565	0.866982	0.458	0.769051	0.747232	0.766995	0.837136	0.79965	0.790515
SRR6468508	0.826279	0.682902	0.605156	0.561513	0.710784	0	0.649829	0.593672	0.78456	0.68622	0.697826	0.590023	0.990384	0.500722	0.469754	0.645076	0.734109	0.66272	0.707302	0.467263	0.530651	0.506611	0.646913	0.652688	0.737117	0.871057	0.807818	0.600809	0.523973	0.740341	0.61947	0.587286	0.628584	0.843891	0.595684	0.514898	0.634364	0.499187	0.55858	0.830801	0.791018	0.64177	0.778566	0.520022	0.74605	0.894252	0.707695	0.473489	0.904065	0.650927	0.96609	0.703765	0.777593	0.531938	0.855318	0.825022	0.529639	0.571628	0.568154	0.657698	0.656087	0.845373	0.605466	0.407531	0.654797	0.577583	0.557344	0.625956	0.67662	0.739218	0.488393	0.681445	0.571676	0.526216	0.506061	0.455726	0.460562	0.93803	0.812656	0.761049	0.607995	0.613546	0.655902	0.87251	0.550036	0.465144	0.636271	0.569088	0.983683	0.624414	0.636929	0.536582	0.587556	0.537322	0.642571	0.437465	0.742632	0.981799	0.733427	0.713925	0.778775	0.676593	0.933738	0.684792	0.485251	0.462256	0.605293	0.51522	0.571506	0.976079	0.873559	0.954013	0.924558	0.755469	0.694914	0.851185	0.586955	0.718334	0.94036	0.487562	0.580545	0.822791	0.64079	0.815876	0.491748	0.439088	0.499183	0.647211	0.538154	0.570561	0.604998	0.6385	0.487195	0.565542	0.612951	0.522459	0.740942	0.618196	0.950159	0.646887	0.776265	0.684015	0.860179	0.615785	0.642747	0.58965	0.919733	0.759654	0.615026	0.708159	0.652764	0.644246	0.55684	0.604057	0.520848
SRR6468509	0.887818	0.597568	0.501393	0.573108	0.851669	0.649829	0	0.702073	0.863113	0.769789	0.489638	0.742601	0.994281	0.592858	0.57215	0.703732	0.674631	0.76266	0.693257	0.565914	0.700923	0.646097	0.549531	0.751546	0.666014	0.88588	0.847619	0.821481	0.745784	0.856265	0.800996	0.57666	0.730108	0.76087	0.764008	0.683379	0.652936	0.676147	0.570727	0.850502	0.687625	0.621955	0.690179	0.601968	0.586673	0.929916	0.851061	0.657579	0.879802	0.754177	0.962394	0.570347	0.83274	0.629066	0.899833	0.908172	0.660033	0.775623	0.607306	0.761799	0.575394	0.88715	0.749656	0.667797	0.666156	0.61155	0.676022	0.747267	0.739595	0.768499	0.58042	0.582636	0.555554	0.549703	0.520978	0.698267	0.560668	0.95166	0.684964	0.497129	0.731684	0.577009	0.719509	0.910285	0.644699	0.706026	0.730814	0.484036	0.987051	0.63089	0.742698	0.558602	0.551099	0.57964	0.666934	0.573999	0.651269	0.991207	0.809793	0.876085	0.859634	0.584287	0.964117	0.733446	0.662982	0.599438	0.762063	0.553487	0.521128	0.984705	0.892874	0.959213	0.932321	0.707627	0.573512	0.876528	0.616623	0.802636	0.969117	0.667454	0.719131	0.903731	0.727621	0.703598	0.666262	0.559193	0.567088	0.75934	0.727936	0.537218	0.623233	0.60806	0.577214	0.520944	0.526384	0.616882	0.864568	0.578927	0.968245	0.726246	0.650393	0.723284	0.904531	0.764872	0.627419	0.659722	0.901466	0.73662	0.701748	0.870252	0.653787	0.538444	0.511586	0.551522	0.482515
SRR6468510	0.861639	0.707823	0.581562	0.488042	0.868467	0.593672	0.702073	0	0.796907	0.668754	0.640253	0.723778	0.944396	0.59466	0.457529	0.776676	0.582821	0.626663	0.704675	0.522336	0.703287	0.590861	0.597502	0.603459	0.657549	0.783069	0.776662	0.72357	0.735763	0.735726	0.790872	0.628979	0.740902	0.819604	0.784035	0.472023	0.609105	0.531039	0.538143	0.784353	0.828235	0.604217	0.816734	0.597261	0.574854	0.804822	0.843067	0.531854	0.839878	0.682445	0.918601	0.715536	0.846443	0.629992	0.87035	0.833224	0.498378	0.741051	0.69147	0.802397	0.573027	0.778876	0.701813	0.491112	0.566844	0.532407	0.660001	0.782694	0.649013	0.776891	0.463653	0.702671	0.648195	0.656309	0.557873	0.633538	0.561916	0.941713	0.796815	0.711265	0.7521	0.724401	0.697948	0.8862	0.666567	0.534836	0.650302	0.520191	0.970546	0.658886	0.770925	0.696511	0.609194	0.456338	0.61232	0.544955	0.567166	0.936146	0.824033	0.856547	0.86442	0.571445	0.858502	0.78884	0.505362	0.51772	0.771807	0.533089	0.588578	0.884835	0.880127	0.860725	0.842665	0.705241	0.594791	0.653926	0.754932	0.822051	0.924062	0.654624	0.679608	0.815109	0.71899	0.846667	0.587073	0.570371	0.605518	0.645131	0.567539	0.645047	0.635889	0.662704	0.562161	0.57843	0.620663	0.651234	0.765924	0.614911	0.852893	0.763109	0.723361	0.583982	0.882247	0.72628	0.699364	0.484454	0.75179	0.789859	0.732075	0.816635	0.746146	0.764997	0.522358	0.570006	0.583896
SRR6468511	0.871349	0.806436	0.857215	0.864725	0.887392	0.78456	0.863113	0.796907	0	0.832494	0.880894	0.842032	0.963113	0.888359	0.883164	0.899751	0.891759	0.745587	0.890965	0.822544	0.85718	0.879965	0.840444	0.817259	0.866074	0.903501	0.846573	0.890547	0.84082	0.803907	0.855963	0.890172	0.799976	0.827701	0.883281	0.823045	0.853868	0.869092	0.866305	0.920626	0.900409	0.835137	0.847821	0.857598	0.816808	0.824565	0.830141	0.84485	0.882801	0.824582	0.913177	0.891268	0.895899	0.84172	0.834388	0.83659	0.878418	0.85831	0.879123	0.895624	0.876808	0.824659	0.812896	0.87676	0.870558	0.895119	0.862333	0.847101	0.817726	0.793458	0.871425	0.71722	0.822822	0.866067	0.749685	0.867522	0.812868	0.946142	0.661079	0.893281	0.829486	0.879763	0.829287	0.863941	0.88209	0.834146	0.863949	0.844131	0.964335	0.79365	0.838971	0.863143	0.861268	0.877691	0.891053	0.757179	0.8651	0.910229	0.837112	0.862408	0.921644	0.870779	0.870663	0.859969	0.865094	0.866622	0.827043	0.848587	0.87065	0.928011	0.916428	0.87807	0.837361	0.802152	0.867566	0.679693	0.799819	0.879201	0.921714	0.852823	0.883467	0.835919	0.850772	0.937248	0.839269	0.864633	0.847929	0.821242	0.777845	0.870303	0.846286	0.858501	0.840095	0.85349	0.885372	0.827677	0.80184	0.851468	0.869607	0.867937	0.783044	0.890297	0.844072	0.85173	0.878173	0.854462	0.893307	0.941422	0.888614	0.835495	0.827061	0.778045	0.869847	0.894467	0.825565
SRR6468512	0.883687	0.603728	0.647062	0.485537	0.833155	0.68622	0.769789	0.668754	0.832494	0	0.667752	0.755344	0.9933	0.544897	0.658114	0.764367	0.718331	0.69369	0.788188	0.586115	0.555536	0.699852	0.755109	0.51439	0.793801	0.890676	0.874285	0.714295	0.704907	0.845135	0.747604	0.609523	0.748959	0.869776	0.623532	0.529246	0.713997	0.572161	0.591915	0.785703	0.772463	0.715698	0.879526	0.592495	0.81339	0.919519	0.837105	0.479426	0.938243	0.798231	0.973665	0.776931	0.880083	0.571566	0.889073	0.910774	0.475841	0.727544	0.580058	0.7685	0.709797	0.877306	0.577933	0.58222	0.557938	0.713372	0.711253	0.600472	0.826683	0.878679	0.574287	0.787551	0.563406	0.639093	0.693976	0.47646	0.481489	0.955585	0.892846	0.835016	0.55614	0.580406	0.70226	0.892646	0.604256	0.615366	0.593786	0.60349	0.998056	0.660695	0.744932	0.634487	0.63099	0.5695	0.593184	0.560227	0.837111	0.981914	0.653736	0.843816	0.914533	0.723001	0.956902	0.764637	0.63424	0.614367	0.759132	0.508968	0.492556	0.996183	0.622335	0.9775	0.951906	0.816017	0.751481	0.883165	0.61395	0.627877	0.967609	0.602669	0.72325	0.884751	0.821613	0.904551	0.565592	0.65964	0.726079	0.72921	0.616188	0.642561	0.637737	0.519234	0.538886	0.531909	0.658169	0.683577	0.819597	0.616972	0.974907	0.801651	0.873876	0.55656	0.911597	0.503791	0.593328	0.533104	0.865098	0.883525	0.660312	0.803297	0.629346	0.84004	0.665057	0.588737	0.618612
SRR6468513	0.890923	0.470683	0.289102	0.448388	0.879562	0.697826	0.489638	0.640253	0.880894	0.667752	0	0.757729	0.985588	0.468072	0.547473	0.788089	0.604319	0.723759	0.682479	0.481103	0.691614	0.656949	0.41728	0.624224	0.601913	0.872668	0.839779	0.853643	0.815384	0.860455	0.799701	0.384115	0.76156	0.667356	0.724528	0.562401	0.642771	0.627053	0.3482	0.817808	0.663408	0.506841	0.649678	0.546182	0.486035	0.92402	0.846754	0.611156	0.793981	0.79044	0.980503	0.493593	0.904738	0.578436	0.925444	0.913416	0.4654	0.809246	0.520499	0.843238	0.369122	0.873455	0.662651	0.524474	0.485094	0.45141	0.730529	0.616385	0.804	0.782929	0.551939	0.46783	0.435981	0.615547	0.522297	0.645711	0.503528	0.969834	0.613745	0.383393	0.624603	0.477795	0.701312	0.892936	0.544027	0.631373	0.633664	0.35878	0.98503	0.531957	0.813165	0.543364	0.310924	0.354723	0.611179	0.583716	0.495504	0.991487	0.701575	0.882346	0.896698	0.522127	0.940725	0.794059	0.725439	0.630579	0.836443	0.475488	0.435531	0.969127	0.89318	0.954824	0.930209	0.73559	0.400389	0.755982	0.471955	0.655824	0.955953	0.618726	0.786068	0.876028	0.659985	0.647189	0.551648	0.671391	0.61064	0.772456	0.727664	0.399694	0.515467	0.44272	0.544542	0.408011	0.457916	0.560674	0.840169	0.352613	0.950036	0.827089	0.667505	0.615024	0.900642	0.635582	0.395663	0.581609	0.882055	0.657641	0.705154	0.887572	0.476262	0.647231	0.369727	0.539356	0.404447
SRR6468520	0.725445	0.712582	0.724158	0.650624	0.747394	0.590023	0.742601	0.723778	0.842032	0.755344	0.757729	0	0.98671	0.663494	0.66461	0.768704	0.723282	0.570543	0.739595	0.62913	0.689926	0.705058	0.70525	0.687717	0.784513	0.907013	0.836986	0.687691	0.606977	0.678668	0.588669	0.706222	0.57837	0.823265	0.702378	0.663281	0.529834	0.655838	0.61836	0.794168	0.733495	0.728428	0.803026	0.547919	0.746425	0.867389	0.532901	0.649738	0.907019	0.589956	0.927786	0.746639	0.823593	0.63172	0.797505	0.810671	0.587384	0.571762	0.660738	0.777868	0.672266	0.769264	0.60983	0.607412	0.758128	0.696814	0.580862	0.659039	0.647938	0.779605	0.702743	0.686018	0.693694	0.562731	0.678245	0.699418	0.606548	0.852867	0.862945	0.763426	0.599533	0.630223	0.661441	0.742848	0.66893	0.642362	0.71943	0.674827	0.995488	0.685534	0.716333	0.521071	0.628085	0.676444	0.659284	0.657338	0.761179	0.970566	0.747965	0.65648	0.855792	0.67873	0.94795	0.642754	0.642303	0.640513	0.630287	0.649489	0.626025	0.993078	0.756624	0.934195	0.884354	0.747227	0.721523	0.943937	0.626571	0.709902	0.965528	0.605175	0.646811	0.829722	0.580397	0.826315	0.60617	0.589263	0.628127	0.620214	0.669476	0.692043	0.790002	0.643899	0.681441	0.64763	0.73902	0.672937	0.619629	0.700813	0.963838	0.655166	0.774586	0.715991	0.765619	0.544266	0.675789	0.748127	0.890319	0.860149	0.801413	0.67458	0.686233	0.701007	0.676144	0.683318	0.630161
SRR6468521	0.990614	0.989694	0.993774	0.993396	0.987691	0.990384	0.994281	0.944396	0.963113	0.9933	0.985588	0.98671	0	0.99339	0.992891	0.991276	0.989964	0.98418	0.991225	0.986214	0.990429	0.992431	0.992173	0.981882	0.973818	0.99353	0.829366	0.991232	0.986348	0.942742	0.981827	0.994757	0.986005	0.989791	0.987917	0.966221	0.983588	0.97767	0.992209	0.992998	0.993387	0.98248	0.946611	0.987317	0.979028	0.980845	0.990511	0.989848	0.974611	0.986265	0.968792	0.981349	0.979032	0.991184	0.974921	0.991294	0.990695	0.986317	0.992353	0.989839	0.988534	0.973524	0.981861	0.982563	0.989884	0.989472	0.987712	0.974844	0.98547	0.994503	0.994677	0.990169	0.994523	0.981307	0.992571	0.992251	0.990797	0.924911	0.985547	0.993732	0.986779	0.991005	0.98265	0.985516	0.993273	0.989194	0.960332	0.993385	0.953979	0.984766	0.985114	0.992865	0.991555	0.994392	0.990803	0.99208	0.982712	0.702833	0.978323	0.988175	0.922907	0.978847	0.988506	0.982372	0.981725	0.991793	0.980234	0.991947	0.991297	0.991847	0.994343	0.991394	0.992416	0.988017	0.986306	0.995361	0.99198	0.97627	0.935406	0.988814	0.989764	0.929852	0.988847	0.985554	0.919506	0.963276	0.991966	0.988679	0.991348	0.993406	0.9941	0.975534	0.992736	0.991489	0.992358	0.992149	0.983518	0.989255	0.980574	0.991273	0.973535	0.994007	0.989384	0.987205	0.982905	0.984726	0.992019	0.994551	0.992922	0.821776	0.99326	0.983043	0.993396	0.993338	0.991732
SRR6468522	0.861837	0.510062	0.406877	0.421364	0.813759	0.500722	0.592858	0.59466	0.888359	0.544897	0.468072	0.663494	0.99339	0	0.430056	0.687961	0.673589	0.692114	0.748879	0.280787	0.531693	0.50146	0.467308	0.556119	0.653047	0.877517	0.840552	0.672014	0.586214	0.787589	0.690165	0.372274	0.696001	0.666301	0.614749	0.428668	0.610743	0.446965	0.337765	0.807654	0.759726	0.605089	0.670141	0.455451	0.615366	0.912665	0.822639	0.405974	0.926824	0.653155	0.973034	0.536153	0.855673	0.477227	0.8781	0.857883	0.382463	0.653156	0.437477	0.712691	0.471761	0.863827	0.565928	0.378756	0.549731	0.438715	0.576771	0.611916	0.703367	0.808792	0.461685	0.569537	0.356319	0.496486	0.554372	0.426357	0.373291	0.96002	0.683762	0.599984	0.563425	0.468408	0.657602	0.86985	0.41457	0.452018	0.567992	0.44352	0.996407	0.489079	0.684982	0.398027	0.37542	0.303018	0.593841	0.402692	0.68352	0.986826	0.656268	0.799546	0.857493	0.571715	0.958445	0.703725	0.52395	0.402956	0.70967	0.31736	0.394013	0.992686	0.866526	0.972448	0.942858	0.785646	0.516232	0.921057	0.470639	0.666013	0.956989	0.490829	0.594138	0.838578	0.713392	0.711585	0.465106	0.480032	0.546508	0.655345	0.622721	0.376891	0.602533	0.334432	0.445436	0.40904	0.469468	0.307963	0.773731	0.50724	0.970393	0.692603	0.714288	0.656215	0.89419	0.602092	0.419629	0.574418	0.908876	0.632112	0.651009	0.749473	0.404065	0.73313	0.397048	0.466111	0.383354
SRR6468523	0.871092	0.633894	0.453385	0.384692	0.77917	0.469754	0.57215	0.457529	0.883164	0.658114	0.547473	0.66461	0.992891	0.430056	0	0.566879	0.603872	0.714164	0.677535	0.373746	0.58019	0.372343	0.494299	0.600101	0.622402	0.867453	0.816531	0.638568	0.617697	0.811448	0.706351	0.475882	0.695136	0.752089	0.669935	0.504446	0.533428	0.47615	0.397082	0.818633	0.797316	0.488783	0.749215	0.507109	0.576201	0.920639	0.809636	0.538692	0.912809	0.707356	0.972458	0.630131	0.811567	0.597224	0.892174	0.748188	0.476709	0.671687	0.518132	0.706739	0.47806	0.871097	0.664583	0.370875	0.585288	0.433551	0.579946	0.682999	0.706746	0.779082	0.311028	0.62854	0.500253	0.587834	0.517566	0.510171	0.451068	0.955998	0.76789	0.637135	0.671491	0.615819	0.662698	0.890851	0.426786	0.478815	0.653249	0.439098	0.990247	0.564206	0.709197	0.52169	0.468646	0.382997	0.58524	0.44941	0.541135	0.987169	0.799024	0.804658	0.811475	0.558834	0.955777	0.704922	0.483961	0.485694	0.699753	0.456776	0.485198	0.987759	0.859088	0.969322	0.938933	0.743452	0.525437	0.796238	0.618999	0.775508	0.948536	0.576966	0.51595	0.792947	0.641314	0.627778	0.529079	0.501898	0.410892	0.679058	0.622178	0.484078	0.575317	0.540344	0.498793	0.507392	0.487235	0.492765	0.812526	0.516186	0.966312	0.694982	0.734406	0.524382	0.898082	0.700318	0.541644	0.485917	0.910541	0.65503	0.672104	0.798817	0.616359	0.704224	0.372915	0.485024	0.437365
SRR6468524	0.864113	0.779825	0.773872	0.714111	0.774244	0.645076	0.703732	0.776676	0.899751	0.764367	0.788089	0.768704	0.991276	0.687961	0.566879	0	0.799478	0.74966	0.787675	0.684575	0.68562	0.46878	0.732282	0.744753	0.845113	0.927271	0.862781	0.737933	0.684013	0.847247	0.722838	0.745347	0.767254	0.903739	0.734668	0.734808	0.78384	0.708967	0.722751	0.884083	0.728185	0.709089	0.910434	0.705388	0.825209	0.911452	0.83882	0.684618	0.934091	0.78071	0.973096	0.803901	0.819031	0.717189	0.90067	0.605771	0.716664	0.7104	0.70909	0.730238	0.777486	0.862552	0.70726	0.62323	0.747189	0.75484	0.701015	0.740516	0.773533	0.871024	0.540951	0.826933	0.726215	0.68992	0.710976	0.657946	0.68257	0.958451	0.927024	0.776699	0.730477	0.729988	0.737521	0.893464	0.596191	0.637397	0.761567	0.703591	0.99456	0.754451	0.714225	0.72202	0.759553	0.759001	0.762488	0.710865	0.875583	0.986595	0.804678	0.787052	0.852209	0.819023	0.956281	0.752592	0.679123	0.697748	0.708737	0.73615	0.681295	0.992587	0.894964	0.972	0.943251	0.698595	0.823912	0.953112	0.790197	0.802044	0.974592	0.667891	0.594232	0.781905	0.77382	0.552323	0.670693	0.539488	0.587912	0.743915	0.780787	0.716099	0.767837	0.732641	0.706196	0.749246	0.770911	0.680956	0.813087	0.770259	0.970625	0.754863	0.91547	0.746784	0.903852	0.760696	0.760417	0.75708	0.941871	0.807661	0.760509	0.82741	0.772486	0.837112	0.725728	0.746611	0.726858
SRR6468525	0.850007	0.768641	0.59124	0.612827	0.848629	0.734109	0.674631	0.582821	0.891759	0.718331	0.604319	0.723282	0.989964	0.673589	0.603872	0.799478	0	0.674459	0.611918	0.613856	0.671453	0.69188	0.623754	0.416237	0.793572	0.874559	0.855955	0.752601	0.723253	0.811971	0.743074	0.64462	0.729731	0.844867	0.761898	0.522743	0.678485	0.615541	0.598591	0.549067	0.746233	0.723603	0.827716	0.582355	0.670042	0.904966	0.795764	0.598666	0.914264	0.675916	0.95487	0.711595	0.814472	0.606969	0.878978	0.871873	0.570185	0.753541	0.713971	0.765233	0.535024	0.869924	0.739376	0.576807	0.346123	0.588927	0.611384	0.720152	0.693435	0.843806	0.639077	0.711988	0.742942	0.683624	0.571933	0.693957	0.674466	0.940982	0.848018	0.664071	0.719257	0.641239	0.683182	0.830436	0.724461	0.654924	0.743675	0.529568	0.991038	0.748881	0.746962	0.712412	0.605543	0.576231	0.489165	0.710609	0.709889	0.977712	0.791609	0.82029	0.853954	0.616177	0.946278	0.704122	0.654711	0.672962	0.775562	0.623235	0.618682	0.98772	0.848248	0.959461	0.925472	0.770956	0.598456	0.748986	0.787948	0.784019	0.931393	0.668621	0.671721	0.85038	0.733997	0.862137	0.664864	0.68482	0.613323	0.686231	0.649992	0.628881	0.636306	0.715994	0.697159	0.631155	0.678657	0.720305	0.793379	0.64853	0.965042	0.657501	0.793459	0.623652	0.873786	0.655571	0.738613	0.48669	0.684807	0.793425	0.771971	0.797808	0.750403	0.618055	0.583168	0.554521	0.622939
SRR6468526	0.584064	0.699935	0.728499	0.708488	0.743488	0.66272	0.76266	0.626663	0.745587	0.69369	0.723759	0.570543	0.98418	0.692114	0.714164	0.74966	0.674459	0	0.58815	0.675559	0.69421	0.692188	0.618339	0.64778	0.710341	0.80502	0.817045	0.645502	0.609167	0.53975	0.624507	0.7143	0.52929	0.771683	0.711208	0.619418	0.498831	0.668999	0.642061	0.758547	0.694613	0.656737	0.8217	0.579986	0.683722	0.682414	0.493284	0.558408	0.806253	0.574759	0.925403	0.71353	0.796945	0.543337	0.75808	0.621646	0.552601	0.532667	0.652145	0.788474	0.69201	0.644066	0.661293	0.622557	0.67434	0.649438	0.61103	0.667825	0.555399	0.831742	0.678803	0.619445	0.723194	0.635619	0.631045	0.648834	0.622123	0.834097	0.844861	0.768239	0.613933	0.663771	0.534644	0.621114	0.637275	0.566304	0.717028	0.600385	0.982056	0.687983	0.675954	0.633801	0.657542	0.699544	0.666266	0.699237	0.687469	0.922247	0.742155	0.536282	0.881471	0.61977	0.875336	0.597473	0.633048	0.684325	0.742076	0.59739	0.630119	0.909478	0.70892	0.805485	0.640447	0.54996	0.697737	0.811775	0.675388	0.648457	0.929792	0.633555	0.593459	0.724347	0.625069	0.830618	0.61322	0.638122	0.579516	0.403307	0.616065	0.673576	0.724692	0.657838	0.696907	0.593351	0.758534	0.673906	0.55975	0.727558	0.879833	0.643278	0.659186	0.687597	0.619155	0.547563	0.681919	0.678275	0.662441	0.820468	0.777602	0.697884	0.683491	0.66668	0.672358	0.629941	0.617778
SRR6468527	0.689752	0.811916	0.679342	0.714142	0.8958	0.707302	0.693257	0.704675	0.890965	0.788188	0.682479	0.739595	0.991225	0.748879	0.677535	0.787675	0.611918	0.58815	0	0.706405	0.79357	0.700712	0.584383	0.717292	0.847289	0.886681	0.893654	0.72186	0.752238	0.674761	0.801962	0.738241	0.621564	0.863662	0.839445	0.610907	0.535149	0.686051	0.711002	0.756502	0.706695	0.671613	0.73915	0.609223	0.572508	0.828248	0.683679	0.684609	0.808149	0.625335	0.933032	0.794401	0.858191	0.611342	0.774619	0.681864	0.699313	0.74147	0.79269	0.845103	0.764098	0.739922	0.839307	0.667145	0.643741	0.691148	0.686159	0.8544	0.673101	0.790275	0.627251	0.579829	0.792501	0.768243	0.65939	0.692375	0.724778	0.843555	0.742736	0.655325	0.822583	0.782847	0.667559	0.76748	0.787694	0.68194	0.829922	0.618538	0.992513	0.845987	0.793427	0.752393	0.695012	0.70322	0.673498	0.736919	0.681194	0.987496	0.90109	0.721007	0.913881	0.515336	0.965503	0.744813	0.745453	0.746617	0.856463	0.670566	0.683118	0.973874	0.763881	0.888535	0.815535	0.654504	0.603852	0.792107	0.726231	0.785559	0.963094	0.784538	0.668367	0.805491	0.628301	0.613762	0.77777	0.723923	0.580737	0.661016	0.584401	0.693026	0.728583	0.804507	0.753259	0.690397	0.701374	0.725231	0.829118	0.664407	0.966708	0.762496	0.750127	0.652718	0.705342	0.738171	0.802997	0.620301	0.730923	0.716788	0.821508	0.763184	0.863162	0.563371	0.636493	0.717477	0.654239
SRR6468528	0.870913	0.507397	0.397914	0.366132	0.783382	0.467263	0.565914	0.522336	0.822544	0.586115	0.481103	0.62913	0.986214	0.280787	0.373746	0.684575	0.613856	0.675559	0.706405	0	0.524885	0.466765	0.49303	0.539615	0.625514	0.858856	0.796506	0.730542	0.603045	0.789729	0.668787	0.399305	0.653532	0.726305	0.624355	0.373368	0.560315	0.4173	0.338139	0.817964	0.778171	0.540439	0.70934	0.444448	0.560723	0.908136	0.795157	0.429436	0.91669	0.691039	0.936769	0.603179	0.812726	0.444008	0.884059	0.876151	0.37708	0.616308	0.443468	0.697511	0.46246	0.870097	0.522151	0.332591	0.514422	0.446043	0.554893	0.591198	0.711214	0.780169	0.406727	0.596105	0.421818	0.473507	0.458375	0.484482	0.34928	0.956378	0.725387	0.602829	0.549993	0.50423	0.611466	0.845302	0.452542	0.438342	0.567368	0.341986	0.99077	0.439511	0.639835	0.435916	0.367202	0.284222	0.554177	0.39523	0.606324	0.974513	0.669122	0.784787	0.837931	0.499238	0.950291	0.701531	0.46453	0.400252	0.654658	0.324376	0.407766	0.985765	0.856336	0.968801	0.944185	0.732135	0.519717	0.814056	0.518894	0.699209	0.95421	0.492815	0.619684	0.864211	0.644397	0.735089	0.445199	0.472128	0.487244	0.669677	0.547732	0.381375	0.55765	0.462492	0.423666	0.411274	0.373231	0.40635	0.771237	0.449116	0.963677	0.715417	0.657547	0.60189	0.89866	0.590913	0.461504	0.502267	0.908398	0.695506	0.644548	0.765423	0.502083	0.722512	0.351595	0.446289	0.33512
SRR6468529	0.85214	0.60999	0.652414	0.526167	0.711656	0.530651	0.700923	0.703287	0.85718	0.555536	0.691614	0.689926	0.990429	0.531693	0.58019	0.68562	0.671453	0.69421	0.79357	0.524885	0	0.630094	0.702944	0.59443	0.799111	0.915768	0.856238	0.674478	0.543411	0.794925	0.628547	0.528827	0.61995	0.89109	0.461314	0.503187	0.698256	0.474562	0.565286	0.854275	0.811471	0.740936	0.854645	0.489796	0.807424	0.909199	0.740294	0.430641	0.94422	0.643321	0.965919	0.770498	0.586255	0.586287	0.861475	0.871061	0.482916	0.551359	0.471322	0.510099	0.703938	0.859149	0.45719	0.470099	0.618522	0.702296	0.549887	0.463595	0.688111	0.875269	0.663464	0.798474	0.610878	0.558212	0.605388	0.460986	0.412464	0.947798	0.925446	0.841108	0.458121	0.512834	0.595221	0.862938	0.507234	0.587476	0.55022	0.615335	0.996978	0.6346	0.463531	0.496545	0.633913	0.568684	0.709903	0.481089	0.79486	0.984209	0.597851	0.736587	0.784552	0.816111	0.9521	0.576994	0.457073	0.440901	0.57994	0.562295	0.521206	0.993026	0.861062	0.971175	0.940312	0.753589	0.785176	0.948077	0.542787	0.591468	0.940329	0.435633	0.521548	0.883939	0.735561	0.924519	0.371941	0.498862	0.536053	0.66199	0.675726	0.557743	0.662399	0.619124	0.462569	0.551075	0.690346	0.720547	0.756254	0.605771	0.970488	0.504199	0.880063	0.704956	0.882607	0.479469	0.551062	0.649113	0.944323	0.882625	0.488879	0.742237	0.589395	0.679623	0.64549	0.632444	0.5928
SRR6468530	0.829869	0.641856	0.585362	0.484188	0.776432	0.506611	0.646097	0.590861	0.879965	0.699852	0.656949	0.705058	0.992431	0.50146	0.372343	0.46878	0.69188	0.692188	0.700712	0.466765	0.630094	0	0.561246	0.625231	0.703736	0.891337	0.830076	0.628298	0.527842	0.730671	0.655011	0.520639	0.66807	0.818141	0.600359	0.544736	0.620276	0.418961	0.521925	0.837424	0.813178	0.609225	0.803743	0.515478	0.673955	0.927818	0.818527	0.470483	0.93655	0.631155	0.974324	0.683419	0.838359	0.583955	0.887081	0.638505	0.453853	0.558431	0.515389	0.67545	0.590772	0.831352	0.563066	0.39636	0.631333	0.586116	0.582501	0.692101	0.717288	0.80537	0.347547	0.711535	0.596069	0.55368	0.516929	0.562842	0.491691	0.957555	0.827121	0.70951	0.556648	0.545275	0.623191	0.889189	0.384222	0.416555	0.651092	0.523659	0.997316	0.58004	0.645082	0.520656	0.53456	0.525866	0.674353	0.513491	0.69982	0.985258	0.757124	0.77933	0.864016	0.675617	0.959673	0.663235	0.49853	0.520487	0.681686	0.521068	0.48049	0.994613	0.89166	0.977695	0.947439	0.717795	0.667668	0.878943	0.640913	0.743873	0.972094	0.495826	0.439676	0.745633	0.650812	0.561237	0.527546	0.52942	0.373867	0.582727	0.670672	0.558613	0.65805	0.60595	0.538982	0.535393	0.569218	0.554251	0.763597	0.571853	0.971865	0.608055	0.806483	0.655162	0.898681	0.646183	0.530739	0.614304	0.92581	0.749019	0.695351	0.767964	0.60512	0.716752	0.522722	0.550369	0.47761
SRR6468559	0.832436	0.587324	0.419597	0.535333	0.813855	0.646913	0.549531	0.597502	0.840444	0.755109	0.41728	0.70525	0.992173	0.467308	0.494299	0.732282	0.623754	0.618339	0.584383	0.49303	0.702944	0.561246	0	0.693321	0.630069	0.841916	0.818989	0.735815	0.683448	0.793492	0.789163	0.402153	0.680515	0.607684	0.747445	0.589591	0.603254	0.606032	0.399957	0.792732	0.658249	0.458421	0.563448	0.568286	0.397523	0.88772	0.78502	0.613779	0.810783	0.657032	0.976626	0.498648	0.821508	0.599998	0.891025	0.826193	0.579124	0.725552	0.578641	0.784546	0.440186	0.825781	0.720713	0.551987	0.600911	0.433723	0.629469	0.732933	0.70033	0.758277	0.528394	0.423792	0.545396	0.637421	0.512328	0.668046	0.582688	0.954629	0.581328	0.414135	0.724078	0.624304	0.626682	0.888594	0.5865	0.579123	0.729707	0.371425	0.982361	0.604504	0.753373	0.539839	0.408941	0.479171	0.59909	0.617902	0.491728	0.986597	0.845499	0.819315	0.844685	0.501173	0.919032	0.680461	0.614493	0.647158	0.758508	0.510618	0.523395	0.951041	0.898784	0.933659	0.900945	0.646505	0.380048	0.789759	0.567091	0.803014	0.940164	0.675795	0.655375	0.798202	0.588863	0.636742	0.599642	0.577298	0.473179	0.686029	0.68765	0.352113	0.676877	0.507438	0.58792	0.529586	0.548913	0.492515	0.785482	0.533751	0.929382	0.682856	0.683119	0.608293	0.866754	0.700911	0.467717	0.632115	0.849969	0.531169	0.754507	0.814944	0.518427	0.615917	0.44703	0.548923	0.455283
SRR6468560	0.825834	0.654362	0.614004	0.545016	0.782056	0.652688	0.751546	0.603459	0.817259	0.51439	0.624224	0.687717	0.981882	0.556119	0.600101	0.744753	0.416237	0.64778	0.717292	0.539615	0.59443	0.625231	0.693321	0	0.743067	0.862881	0.83677	0.73941	0.629084	0.79697	0.620323	0.56509	0.663235	0.839098	0.621551	0.484112	0.664271	0.505188	0.49507	0.569901	0.74033	0.692984	0.834738	0.516547	0.77437	0.890786	0.788851	0.459993	0.918714	0.707319	0.957575	0.702062	0.86101	0.510293	0.863276	0.893384	0.415234	0.632966	0.567461	0.727483	0.571608	0.821275	0.552637	0.475095	0.305779	0.643066	0.588233	0.574662	0.773016	0.866578	0.56179	0.735591	0.572513	0.555665	0.635487	0.546491	0.482917	0.932977	0.860583	0.777406	0.535113	0.548513	0.630325	0.842986	0.529849	0.505281	0.575549	0.543345	0.99661	0.559005	0.701591	0.582233	0.474472	0.511386	0.415618	0.562153	0.772971	0.974672	0.647938	0.789978	0.892563	0.656699	0.94513	0.711086	0.584783	0.55601	0.736037	0.47139	0.487534	0.993391	0.779305	0.966842	0.932753	0.74965	0.716877	0.851698	0.645677	0.604006	0.958729	0.549966	0.651292	0.83013	0.69019	0.885406	0.508651	0.601587	0.637857	0.661259	0.600426	0.589415	0.637824	0.48498	0.540555	0.489821	0.621296	0.675347	0.731097	0.56909	0.970774	0.747942	0.869642	0.650255	0.88084	0.500901	0.582215	0.43078	0.706639	0.848216	0.705044	0.73641	0.52812	0.796794	0.58361	0.446557	0.533934
SRR6468561	0.870279	0.62634	0.638389	0.664279	0.865759	0.737117	0.666014	0.657549	0.866074	0.793801	0.601913	0.784513	0.973818	0.653047	0.622402	0.845113	0.793572	0.710341	0.847289	0.625514	0.799111	0.703736	0.630069	0.743067	0	0.842149	0.818216	0.86146	0.806295	0.777789	0.811357	0.659139	0.801026	0.774315	0.831933	0.734338	0.728645	0.741152	0.606804	0.848964	0.821983	0.674616	0.749781	0.692616	0.612562	0.739192	0.877627	0.750134	0.402275	0.767908	0.951461	0.659081	0.917577	0.728272	0.933967	0.840732	0.661334	0.812495	0.63589	0.839933	0.623601	0.580379	0.771055	0.690318	0.735874	0.669921	0.76094	0.730775	0.675969	0.821527	0.683066	0.693004	0.64382	0.699839	0.712961	0.770422	0.675779	0.951412	0.747868	0.711148	0.756332	0.682459	0.770118	0.900288	0.66365	0.706477	0.729379	0.627822	0.961706	0.618321	0.83188	0.664243	0.599601	0.631459	0.718142	0.69248	0.595213	0.989206	0.780145	0.880729	0.868512	0.704696	0.753666	0.817712	0.760878	0.718447	0.826373	0.62512	0.669713	0.444765	0.915033	0.455219	0.526829	0.735163	0.672242	0.75389	0.691219	0.779863	0.899521	0.720599	0.791225	0.671747	0.762359	0.770711	0.692259	0.754975	0.712955	0.679272	0.822862	0.623497	0.77675	0.637452	0.69298	0.616382	0.659375	0.697966	0.761091	0.667758	0.445821	0.83343	0.615304	0.789	0.881123	0.782041	0.638836	0.764653	0.415297	0.762807	0.817011	0.871892	0.655704	0.832404	0.603413	0.618308	0.599225
SRR6468562	0.930299	0.825788	0.867897	0.874112	0.955462	0.871057	0.88588	0.783069	0.903501	0.890676	0.872668	0.907013	0.99353	0.877517	0.867453	0.927271	0.874559	0.80502	0.886681	0.858856	0.915768	0.891337	0.841916	0.862881	0.842149	0	0.885528	0.933899	0.937111	0.873719	0.935984	0.881128	0.8953	0.892885	0.948737	0.853241	0.874411	0.863866	0.898025	0.89506	0.918728	0.827077	0.912017	0.890044	0.824656	0.915494	0.948733	0.836906	0.888174	0.885634	0.99018	0.860813	0.950904	0.852655	0.966092	0.900044	0.85142	0.922593	0.902494	0.954972	0.895569	0.891095	0.912718	0.863947	0.862738	0.842015	0.888555	0.916365	0.845507	0.894027	0.834624	0.872597	0.884251	0.890614	0.892659	0.841721	0.872597	0.989244	0.875661	0.877105	0.913178	0.917622	0.894183	0.97171	0.898558	0.841067	0.899075	0.855116	0.979482	0.893066	0.946871	0.91563	0.898332	0.85325	0.858844	0.862763	0.828101	0.992792	0.950705	0.950082	0.944339	0.837816	0.921669	0.931609	0.88789	0.875583	0.955972	0.841814	0.894764	0.921185	0.963848	0.92033	0.91201	0.861009	0.826214	0.83787	0.916924	0.912551	0.945865	0.88595	0.903231	0.906662	0.898553	0.920472	0.880806	0.899021	0.899065	0.850472	0.853461	0.879528	0.925014	0.882272	0.860406	0.828218	0.881999	0.882966	0.877278	0.907037	0.916732	0.897936	0.838822	0.908695	0.942054	0.893858	0.900735	0.857103	0.846839	0.879193	0.912287	0.960649	0.906253	0.907511	0.876435	0.859476	0.866528
SRR6468563	0.890699	0.801665	0.850136	0.835782	0.889407	0.807818	0.847619	0.776662	0.846573	0.874285	0.839779	0.836986	0.829366	0.840552	0.816531	0.862781	0.855955	0.817045	0.893654	0.796506	0.856238	0.830076	0.818989	0.83677	0.818216	0.885528	0	0.875274	0.855491	0.852289	0.850915	0.837535	0.808553	0.871804	0.7113	0.788378	0.842881	0.820665	0.83987	0.894574	0.88836	0.818586	0.890451	0.824964	0.822827	0.90597	0.899278	0.822528	0.889198	0.832357	0.860323	0.815884	0.893204	0.84621	0.923864	0.895841	0.829942	0.860252	0.829015	0.872496	0.804324	0.849442	0.792865	0.814712	0.871262	0.839319	0.82056	0.778995	0.795157	0.868852	0.833563	0.852113	0.846333	0.826763	0.836607	0.840085	0.817728	0.865596	0.88345	0.860328	0.816231	0.844604	0.804175	0.901496	0.840435	0.806021	0.822671	0.838903	0.962131	0.771971	0.837123	0.843827	0.821203	0.848419	0.849403	0.833953	0.854868	0.923141	0.86567	0.883426	0.824575	0.858353	0.723934	0.867321	0.832537	0.835469	0.825715	0.838326	0.84135	0.9534	0.933543	0.946722	0.928873	0.846306	0.815688	0.928213	0.848447	0.829527	0.841152	0.810578	0.853797	0.845709	0.825194	0.893241	0.794818	0.824423	0.812445	0.835699	0.859672	0.83658	0.883502	0.839942	0.840655	0.836206	0.822137	0.843864	0.854858	0.844074	0.917851	0.851185	0.844039	0.864553	0.893958	0.858877	0.844894	0.857585	0.906573	0.893039	0.865718	0.792625	0.85516	0.866015	0.837618	0.845624	0.833562
