	SRR6468502	SRR6468504	SRR6468505	SRR6468506	SRR6468507	SRR6468508	SRR6468509	SRR6468510	SRR6468511	SRR6468512	SRR6468513	SRR6468520	SRR6468521	SRR6468522	SRR6468523	SRR6468524	SRR6468525	SRR6468526	SRR6468527	SRR6468528	SRR6468529	SRR6468530	SRR6468559	SRR6468560	SRR6468561	SRR6468562	SRR6468563	SRR6468564	SRR6468567	SRR6468568	SRR6468569	SRR6468570	SRR6468571	SRR6468572	SRR6468573	SRR6468574	SRR6468575	SRR6468576	SRR6468579	SRR6468580	SRR6468581	SRR6468582	SRR6468583	SRR6468584	SRR6468585	SRR6468586	SRR6468587	SRR6468588	SRR6468589	SRR6468590	SRR6468591	SRR6468592	SRR6468593	SRR6468594	SRR6468595	SRR6468596	SRR6468597	SRR6468598	SRR6468599	SRR6468600	SRR6468601	SRR6468602	SRR6468603	SRR6468604	SRR6468605	SRR6468606	SRR6468607	SRR6468608	SRR6468609	SRR6468610	SRR6468611	SRR6468612	SRR6468613	SRR6468614	SRR6468615	SRR6468616	SRR6468617	SRR6468618	SRR6468619	SRR6468620	SRR6468621	SRR6468622	SRR6468623	SRR6468624	SRR6468625	SRR6468626	SRR6468627	SRR6468628	SRR6468629	SRR6468630	SRR6468631	SRR6468632	SRR6468633	SRR6468634	SRR6468635	SRR6468636	SRR6468637	SRR6468638	SRR6468639	SRR6468640	SRR6468652	SRR6468653	SRR6468654	SRR6468655	SRR6468656	SRR6468657	SRR6468658	SRR6468659	SRR6468660	SRR6468661	SRR6468662	SRR6468663	SRR6468664	SRR6468665	SRR6468666	SRR6468667	SRR6468668	SRR6468671	SRR6468672	SRR6468673	SRR6468674	SRR6468675	SRR6468676	SRR6468677	SRR6468678	SRR6468679	SRR6468680	SRR6468681	SRR6468682	SRR6468683	SRR6468684	SRR6468685	SRR6468686	SRR6468687	SRR6468688	SRR6468689	SRR6468690	SRR6468691	SRR6468692	SRR6468693	SRR6468694	SRR6468695	SRR6468696	SRR6468697	SRR6468698	SRR6468699	SRR6468700	SRR6468701	SRR6468702	SRR6468703	SRR6468704	SRR6468705	SRR6468706	SRR6468708	SRR6468709
SRR6468502	0	0.765808	0.895136	0.891196	0.803761	0.835541	0.901037	0.89017	0.898698	0.884837	0.905062	0.73785	0.994035	0.869326	0.886005	0.879438	0.853409	0.601797	0.681023	0.877386	0.861051	0.835336	0.856519	0.830717	0.883657	0.973908	0.898667	0.752143	0.640998	0.54146	0.672212	0.859217	0.592636	0.885988	0.79914	0.857266	0.599526	0.845867	0.833389	0.890387	0.812923	0.899712	0.878906	0.749507	0.850445	0.613362	0.587812	0.836179	0.877282	0.581763	0.91299	0.840105	0.913545	0.790407	0.712956	0.654549	0.830224	0.634095	0.842364	0.852228	0.809093	0.493655	0.757857	0.847404	0.899869	0.83467	0.804889	0.80595	0.709101	0.894906	0.894723	0.74932	0.873903	0.844653	0.849767	0.874028	0.860712	0.815552	0.929809	0.885822	0.733434	0.803799	0.729982	0.475557	0.850391	0.823387	0.855569	0.866494	0.987763	0.869444	0.799786	0.764869	0.835708	0.88695	0.887084	0.879645	0.860077	0.986415	0.855509	0.608541	0.942533	0.797941	0.949349	0.818425	0.844502	0.879872	0.866001	0.85318	0.815299	0.956026	0.689362	0.80621	0.611966	0.690374	0.835205	0.982728	0.751489	0.723916	0.96216	0.848129	0.79756	0.661467	0.631188	0.914186	0.835743	0.851882	0.773295	0.515986	0.807599	0.884924	0.841946	0.851231	0.886537	0.855672	0.919602	0.850858	0.53145	0.823683	0.935946	0.773273	0.789019	0.827024	0.430768	0.803638	0.822912	0.894676	0.756809	0.942519	0.919249	0.633733	0.859534	0.814444	0.870393	0.854076	0.854238
SRR6468504	0.765808	0	0.499532	0.547183	0.765355	0.697178	0.603687	0.716804	0.829846	0.599729	0.470024	0.738709	0.991609	0.515845	0.651945	0.802913	0.769972	0.72364	0.826778	0.50994	0.616532	0.659711	0.609346	0.651687	0.576546	0.872125	0.799576	0.825801	0.685563	0.800719	0.711345	0.452753	0.662083	0.7607	0.554079	0.643631	0.696526	0.681888	0.512709	0.861797	0.783599	0.705136	0.717971	0.592247	0.654025	0.822453	0.819878	0.594373	0.877128	0.670225	0.886392	0.602661	0.890731	0.674226	0.89786	0.853592	0.522997	0.687095	0.344514	0.764059	0.540528	0.743313	0.460665	0.618834	0.637933	0.641809	0.748514	0.53086	0.757543	0.847534	0.657026	0.639746	0.495046	0.611382	0.647531	0.620598	0.50276	0.923446	0.737768	0.65256	0.46403	0.32919	0.682561	0.832597	0.544636	0.656417	0.519023	0.512496	0.983826	0.477508	0.686128	0.475323	0.479889	0.521915	0.72907	0.59459	0.713589	0.978222	0.569678	0.80405	0.873205	0.656102	0.940045	0.792315	0.731005	0.650222	0.741569	0.503079	0.499566	0.959071	0.861962	0.904384	0.880199	0.67765	0.649306	0.923684	0.377796	0.443319	0.966801	0.6119	0.740945	0.766779	0.697666	0.770996	0.526369	0.666713	0.617641	0.672032	0.779702	0.528902	0.632503	0.488564	0.516497	0.447802	0.616421	0.626158	0.699659	0.474004	0.906644	0.741904	0.669238	0.788771	0.849179	0.495645	0.308789	0.729885	0.842204	0.770011	0.730267	0.780623	0.503497	0.773535	0.545868	0.552313	0.539782
SRR6468505	0.895136	0.499532	0	0.372037	0.844715	0.61948	0.502679	0.561892	0.869762	0.630441	0.27806	0.734856	0.996083	0.408435	0.467913	0.785708	0.629377	0.724978	0.713771	0.416581	0.63125	0.61556	0.417214	0.626872	0.549956	0.88359	0.82914	0.786273	0.77002	0.854121	0.786134	0.358864	0.749055	0.684533	0.689638	0.500803	0.593335	0.576023	0.304842	0.822412	0.757713	0.605051	0.621648	0.525711	0.467098	0.922799	0.844826	0.523208	0.848488	0.7936	0.973306	0.494534	0.901314	0.564123	0.905365	0.910147	0.434585	0.748631	0.510059	0.786044	0.375214	0.873649	0.635425	0.503462	0.45155	0.356155	0.71444	0.644504	0.759147	0.774575	0.526871	0.449776	0.380157	0.564879	0.4542	0.57158	0.447712	0.950295	0.621452	0.476736	0.600314	0.487027	0.673813	0.905964	0.518446	0.58045	0.566192	0.278432	0.997988	0.505155	0.757576	0.485508	0.341816	0.282582	0.619611	0.443867	0.529093	0.991273	0.696033	0.864098	0.908421	0.482792	0.969018	0.781068	0.668546	0.550564	0.788906	0.38295	0.451887	0.998143	0.902045	0.969649	0.935494	0.736985	0.406502	0.759715	0.448621	0.687912	0.985776	0.574402	0.714739	0.898978	0.710673	0.737324	0.543624	0.632752	0.570708	0.759832	0.649727	0.404509	0.404384	0.42055	0.502052	0.384574	0.438277	0.491373	0.848947	0.389788	0.972067	0.783512	0.686958	0.630479	0.905478	0.620179	0.375939	0.515319	0.883861	0.673037	0.707047	0.861191	0.471304	0.676372	0.300007	0.452682	0.396718
SRR6468506	0.891196	0.547183	0.372037	0	0.811262	0.567387	0.569436	0.464629	0.857893	0.467894	0.480875	0.670842	0.995628	0.427773	0.41235	0.737814	0.645031	0.720272	0.7459	0.374962	0.515262	0.51424	0.550016	0.55828	0.620662	0.897496	0.814348	0.703026	0.680821	0.836633	0.758066	0.41439	0.722568	0.813577	0.578148	0.422327	0.527593	0.400824	0.406696	0.852198	0.823849	0.581534	0.764242	0.437288	0.600828	0.919849	0.817045	0.408207	0.916059	0.710654	0.980204	0.674968	0.819902	0.57561	0.907153	0.913539	0.401288	0.693275	0.446311	0.709983	0.538062	0.875285	0.511588	0.407873	0.50145	0.51551	0.622093	0.601535	0.706889	0.802259	0.430224	0.682282	0.481781	0.499078	0.466245	0.525979	0.379283	0.966817	0.787125	0.650155	0.556763	0.502455	0.693308	0.902502	0.476114	0.554794	0.530876	0.386759	0.996822	0.524292	0.647569	0.402932	0.476167	0.334049	0.605334	0.350881	0.638567	0.990926	0.678636	0.841434	0.855635	0.617631	0.965774	0.6996	0.458219	0.43571	0.642543	0.420702	0.341101	0.995937	0.787475	0.972887	0.943793	0.746353	0.597792	0.820101	0.545362	0.675341	0.986281	0.478854	0.654826	0.896177	0.717758	0.818142	0.426002	0.4804	0.510586	0.701942	0.591018	0.468555	0.528646	0.453839	0.413654	0.422191	0.484982	0.598754	0.830441	0.442132	0.963519	0.712325	0.750442	0.533708	0.916088	0.597508	0.435937	0.444958	0.902244	0.787222	0.612536	0.847509	0.531468	0.713034	0.378842	0.493279	0.41677
SRR6468507	0.803761	0.765355	0.844715	0.811262	0	0.706868	0.859491	0.866571	0.878128	0.840254	0.890052	0.769461	0.989772	0.827076	0.791561	0.7981	0.856622	0.759888	0.90749	0.790632	0.722924	0.786973	0.813493	0.791585	0.85626	0.976232	0.885307	0.825776	0.693769	0.837991	0.513036	0.757035	0.657625	0.956513	0.664455	0.809876	0.837858	0.818764	0.803821	0.923009	0.851024	0.826638	0.873476	0.803455	0.902773	0.901508	0.638081	0.767369	0.934207	0.764415	0.962501	0.845532	0.781149	0.763833	0.905456	0.892054	0.797012	0.663006	0.72967	0.381107	0.812826	0.796221	0.692609	0.775439	0.861153	0.823595	0.789154	0.665327	0.833723	0.943244	0.834442	0.874441	0.819261	0.782108	0.737938	0.800233	0.78351	0.940279	0.951647	0.899388	0.71974	0.75689	0.586077	0.880273	0.71253	0.785836	0.804411	0.790874	0.993976	0.781695	0.482546	0.719025	0.770087	0.847776	0.80614	0.806332	0.830361	0.990761	0.822322	0.471932	0.588944	0.907696	0.965588	0.705751	0.678908	0.80822	0.453598	0.816548	0.771079	0.990417	0.895062	0.954244	0.919169	0.726356	0.882419	0.988184	0.653627	0.785303	0.981515	0.720537	0.769416	0.816472	0.719585	0.957743	0.63072	0.644707	0.627847	0.743873	0.880284	0.710824	0.823908	0.793573	0.664224	0.812161	0.886691	0.849597	0.753536	0.836181	0.963766	0.666875	0.880633	0.827123	0.878659	0.672374	0.737117	0.856629	0.948002	0.857632	0.400783	0.786453	0.758449	0.765964	0.847964	0.810322	0.801655
SRR6468508	0.835541	0.697178	0.61948	0.567387	0.706868	0	0.667805	0.590027	0.791854	0.689677	0.725427	0.603668	0.994738	0.495212	0.488078	0.649222	0.749045	0.671106	0.713069	0.461095	0.542204	0.501277	0.657727	0.662094	0.726181	0.907705	0.801312	0.618746	0.523284	0.755355	0.620562	0.579046	0.657402	0.869679	0.581977	0.522049	0.649374	0.514251	0.570925	0.836022	0.805592	0.645458	0.797926	0.541874	0.755628	0.898078	0.710726	0.478702	0.894185	0.649617	0.969883	0.713287	0.774654	0.547816	0.853864	0.823769	0.533543	0.575569	0.559244	0.657296	0.669153	0.848785	0.599083	0.40075	0.66175	0.58072	0.568327	0.617348	0.677948	0.762479	0.499406	0.703354	0.584883	0.537853	0.519936	0.47327	0.475574	0.938405	0.836216	0.77132	0.612433	0.622494	0.653228	0.875896	0.532793	0.463724	0.594107	0.577493	0.994078	0.617306	0.62066	0.55052	0.590756	0.54794	0.6332	0.438854	0.770123	0.983888	0.719884	0.713332	0.774524	0.699729	0.953749	0.679773	0.484124	0.469095	0.577529	0.52984	0.575979	0.993258	0.868579	0.95938	0.929344	0.772206	0.716946	0.883708	0.609164	0.721985	0.971503	0.493138	0.565784	0.808279	0.648934	0.80868	0.47889	0.419734	0.492429	0.651257	0.569739	0.562736	0.622001	0.640516	0.484331	0.582173	0.633045	0.53717	0.751156	0.634708	0.951435	0.649968	0.801435	0.707457	0.873277	0.607283	0.644887	0.605461	0.922928	0.744251	0.633465	0.739654	0.658289	0.67617	0.563209	0.625183	0.534146
SRR6468509	0.901037	0.603687	0.502679	0.569436	0.859491	0.667805	0	0.681295	0.882595	0.780282	0.483542	0.769227	0.996999	0.590595	0.581149	0.720241	0.661137	0.770383	0.703922	0.567632	0.698469	0.657078	0.54761	0.758691	0.647331	0.906214	0.834854	0.833731	0.749621	0.875428	0.815229	0.570831	0.760473	0.781728	0.762358	0.681553	0.681392	0.674452	0.583366	0.86274	0.69458	0.62723	0.71517	0.600332	0.572463	0.926452	0.866879	0.663606	0.853439	0.74566	0.964881	0.566607	0.83385	0.64749	0.914648	0.914738	0.666168	0.784562	0.617953	0.758201	0.567452	0.885449	0.753906	0.674443	0.661849	0.610486	0.681975	0.756207	0.738726	0.805417	0.594685	0.60642	0.576844	0.55208	0.509525	0.703259	0.580077	0.954249	0.714765	0.50183	0.741979	0.585013	0.730324	0.914125	0.662299	0.714519	0.717101	0.478262	0.993294	0.630291	0.734998	0.562116	0.55414	0.580238	0.672541	0.58102	0.651337	0.993303	0.81113	0.886967	0.871724	0.606239	0.96958	0.734885	0.670033	0.601121	0.760529	0.579837	0.517941	0.992692	0.891881	0.962904	0.935213	0.710806	0.581319	0.894664	0.637034	0.80545	0.986173	0.665435	0.720169	0.907013	0.73979	0.719906	0.660436	0.553491	0.575639	0.755916	0.75312	0.540028	0.638413	0.612465	0.590814	0.531929	0.551601	0.639966	0.871596	0.577958	0.965681	0.732449	0.654785	0.723538	0.909781	0.769068	0.632512	0.668382	0.895523	0.743158	0.707097	0.881402	0.658319	0.545068	0.524983	0.552521	0.49559
SRR6468510	0.89017	0.716804	0.561892	0.464629	0.866571	0.590027	0.681295	0	0.826223	0.640247	0.657664	0.731418	0.976292	0.566731	0.444747	0.783247	0.563777	0.675005	0.702698	0.508118	0.693475	0.581786	0.611042	0.576073	0.702502	0.866322	0.778723	0.703503	0.71803	0.819104	0.786816	0.602436	0.752273	0.83094	0.762692	0.44244	0.589365	0.502335	0.529751	0.776974	0.828546	0.630192	0.808498	0.582145	0.616382	0.862959	0.848981	0.509707	0.909382	0.695693	0.92761	0.710819	0.853588	0.613737	0.871267	0.90534	0.474899	0.733674	0.67806	0.789394	0.571348	0.848676	0.696729	0.473423	0.549117	0.511031	0.648379	0.788254	0.711302	0.791699	0.438886	0.705411	0.612007	0.644876	0.527739	0.625538	0.525337	0.94963	0.809399	0.717152	0.752132	0.715988	0.704746	0.888587	0.65906	0.521724	0.632497	0.501857	0.987364	0.647558	0.766648	0.672399	0.587738	0.417309	0.571651	0.488756	0.631381	0.968975	0.822169	0.871211	0.873096	0.555793	0.934401	0.772722	0.462901	0.494638	0.767361	0.484162	0.554592	0.965905	0.86197	0.933409	0.914863	0.766328	0.622515	0.703451	0.746897	0.82957	0.975614	0.645785	0.657024	0.885088	0.72051	0.856346	0.598722	0.560346	0.598843	0.700677	0.527312	0.632823	0.622634	0.636758	0.536401	0.565327	0.61558	0.62814	0.833003	0.608008	0.911969	0.761057	0.785428	0.568723	0.90498	0.710535	0.698066	0.458178	0.804689	0.797307	0.734945	0.815022	0.731378	0.781006	0.505865	0.550167	0.560572
SRR6468511	0.898698	0.829846	0.869762	0.857893	0.878128	0.791854	0.882595	0.826223	0	0.868901	0.894078	0.836763	0.964826	0.880558	0.894008	0.908912	0.889103	0.736008	0.899328	0.823516	0.849952	0.873767	0.845714	0.803368	0.895188	0.97239	0.859126	0.889656	0.825459	0.832232	0.856842	0.886152	0.811859	0.798629	0.865124	0.831665	0.854032	0.863763	0.855173	0.921267	0.900265	0.856647	0.874602	0.857085	0.875051	0.836024	0.824815	0.833655	0.892847	0.85818	0.911024	0.901405	0.898904	0.839907	0.810425	0.868318	0.868418	0.841569	0.8666	0.889158	0.874371	0.845212	0.8001	0.874086	0.859273	0.891661	0.869196	0.842579	0.848651	0.846714	0.889338	0.73177	0.835876	0.858562	0.782001	0.866139	0.81972	0.945828	0.759675	0.893667	0.816203	0.871509	0.810872	0.870147	0.86745	0.835372	0.836161	0.8329	0.966902	0.777605	0.820782	0.853677	0.856012	0.880524	0.886387	0.804873	0.896296	0.900578	0.812761	0.865632	0.923514	0.886036	0.905775	0.844247	0.849774	0.873117	0.810259	0.864708	0.875558	0.965927	0.913745	0.889306	0.84362	0.821481	0.884399	0.721603	0.82489	0.888272	0.959269	0.863874	0.877626	0.861921	0.85215	0.939421	0.829291	0.846254	0.842796	0.844792	0.813924	0.863552	0.863464	0.855618	0.833772	0.850415	0.898912	0.851008	0.818745	0.847211	0.876612	0.858539	0.82968	0.887262	0.857397	0.8357	0.865151	0.855376	0.922487	0.950262	0.896208	0.818057	0.808755	0.802713	0.882466	0.88588	0.835047
SRR6468512	0.884837	0.599729	0.630441	0.467894	0.840254	0.689677	0.780282	0.640247	0.868901	0	0.646999	0.778047	0.995782	0.546347	0.675513	0.784141	0.734724	0.701809	0.807907	0.579595	0.555681	0.717673	0.764714	0.510406	0.742284	0.910648	0.858548	0.717579	0.711628	0.852904	0.75697	0.617979	0.766276	0.887376	0.616234	0.524276	0.717971	0.571796	0.579266	0.796991	0.775085	0.708112	0.890749	0.587643	0.82887	0.90655	0.850381	0.486413	0.929555	0.799569	0.974906	0.780252	0.892501	0.569486	0.890017	0.914196	0.469071	0.732083	0.581226	0.786764	0.704943	0.868107	0.568665	0.588398	0.549678	0.714531	0.725072	0.594829	0.836104	0.90425	0.582325	0.800676	0.555428	0.639513	0.710868	0.472085	0.475192	0.95925	0.909934	0.844487	0.551376	0.58174	0.708901	0.895449	0.611067	0.622139	0.54074	0.598679	0.997988	0.652109	0.748462	0.634802	0.63266	0.561054	0.592764	0.563485	0.841457	0.983177	0.63584	0.8477	0.923286	0.736989	0.959866	0.772022	0.639366	0.624707	0.76448	0.517193	0.497042	0.997307	0.59444	0.970139	0.945599	0.818541	0.761798	0.861817	0.610719	0.612759	0.977211	0.599101	0.73532	0.876349	0.830036	0.916458	0.545279	0.667068	0.739132	0.729894	0.610643	0.64849	0.626777	0.508351	0.529768	0.517363	0.66631	0.693857	0.81961	0.600003	0.963804	0.81517	0.879138	0.506088	0.916724	0.499739	0.591189	0.521509	0.867147	0.893278	0.7177	0.809816	0.629386	0.86798	0.663956	0.585257	0.616611
SRR6468513	0.905062	0.470024	0.27806	0.480875	0.890052	0.725427	0.483542	0.657664	0.894078	0.646999	0	0.776735	0.986057	0.490186	0.580532	0.803722	0.617047	0.748737	0.721303	0.498364	0.67333	0.696152	0.456502	0.635001	0.531049	0.914622	0.837252	0.860277	0.8167	0.880671	0.794709	0.395454	0.792702	0.684202	0.696269	0.579917	0.674272	0.645939	0.358652	0.820146	0.674886	0.557094	0.655389	0.544985	0.498943	0.930745	0.855035	0.623973	0.787999	0.799658	0.980068	0.506727	0.911468	0.594548	0.926334	0.928368	0.461896	0.815257	0.519494	0.851758	0.363101	0.878835	0.644586	0.551155	0.496737	0.47343	0.739819	0.587076	0.824767	0.819913	0.594179	0.485266	0.455822	0.616681	0.527689	0.644664	0.496046	0.969425	0.630443	0.398008	0.597995	0.445303	0.719607	0.891697	0.55297	0.670727	0.589033	0.372162	0.993074	0.527121	0.812576	0.544863	0.319137	0.37625	0.628084	0.587	0.51453	0.992039	0.66423	0.889147	0.907554	0.561133	0.957838	0.804407	0.747178	0.658307	0.839545	0.485934	0.444159	0.985461	0.884878	0.96448	0.938011	0.750532	0.446113	0.789017	0.451617	0.637818	0.981451	0.626505	0.796978	0.87752	0.691508	0.67945	0.537397	0.680615	0.647203	0.780835	0.741732	0.407609	0.510499	0.444134	0.546239	0.409807	0.493237	0.568724	0.849492	0.358421	0.956986	0.848947	0.673224	0.645645	0.91523	0.620424	0.38496	0.610715	0.886352	0.68594	0.755902	0.890132	0.470226	0.66385	0.3875	0.532569	0.405556
SRR6468520	0.73785	0.738709	0.734856	0.670842	0.769461	0.603668	0.769227	0.731418	0.836763	0.778047	0.776735	0	0.990472	0.693576	0.693104	0.805764	0.739446	0.592787	0.764095	0.653006	0.726991	0.739258	0.718106	0.71484	0.77242	0.93142	0.827563	0.714017	0.646028	0.700595	0.625839	0.73082	0.616424	0.853313	0.724221	0.683282	0.554614	0.690533	0.642234	0.805566	0.750166	0.73908	0.809158	0.582716	0.743603	0.864076	0.54898	0.684466	0.874788	0.611603	0.936728	0.759335	0.833636	0.656527	0.801106	0.823822	0.6195	0.614398	0.690693	0.805086	0.682009	0.7712	0.640227	0.640412	0.771679	0.708708	0.628072	0.680622	0.654335	0.798305	0.731445	0.705008	0.710095	0.600087	0.706645	0.737728	0.6417	0.85899	0.869255	0.776365	0.636929	0.670216	0.682514	0.756257	0.698365	0.678636	0.696699	0.694205	0.995601	0.704317	0.747401	0.550648	0.652549	0.700334	0.669788	0.684378	0.768172	0.971651	0.762093	0.692055	0.873037	0.692906	0.954225	0.678121	0.676132	0.685685	0.644401	0.67985	0.654608	0.99501	0.765558	0.932503	0.875359	0.766354	0.733622	0.948914	0.650314	0.729845	0.975998	0.649009	0.684213	0.805761	0.595307	0.847447	0.63577	0.614234	0.663582	0.633742	0.700458	0.716515	0.80499	0.675854	0.712232	0.685397	0.76451	0.705176	0.625036	0.718277	0.953695	0.679816	0.798273	0.728256	0.781684	0.56599	0.702889	0.771028	0.884365	0.867953	0.842657	0.703223	0.713244	0.731442	0.693919	0.709045	0.660106
SRR6468521	0.994035	0.991609	0.996083	0.995628	0.989772	0.994738	0.996999	0.976292	0.964826	0.995782	0.986057	0.990472	0	0.996762	0.994913	0.994672	0.992663	0.987807	0.993565	0.989573	0.994133	0.995761	0.994277	0.982973	0.970298	0.996531	0.88567	0.995069	0.991611	0.941285	0.986275	0.9959	0.989044	0.992515	0.991017	0.973189	0.985769	0.980646	0.995289	0.994923	0.996579	0.982969	0.942822	0.99182	0.978961	0.983699	0.993627	0.993462	0.955262	0.991092	0.970206	0.98276	0.981028	0.994447	0.981968	0.993689	0.992891	0.993024	0.994511	0.992358	0.991166	0.977767	0.985483	0.984047	0.991255	0.990371	0.992123	0.977658	0.989999	0.996573	0.996859	0.992264	0.996761	0.984187	0.995372	0.996174	0.993615	0.926941	0.984309	0.995146	0.990644	0.99498	0.986316	0.988322	0.995667	0.992479	0.979143	0.995279	0.94822	0.987467	0.988714	0.995816	0.994333	0.996643	0.993045	0.995087	0.98303	0.727063	0.97983	0.993002	0.927558	0.980311	0.99124	0.983916	0.983593	0.994965	0.984011	0.993556	0.995468	0.991205	0.99566	0.990656	0.993697	0.991698	0.98849	0.996891	0.994901	0.978699	0.93302	0.993536	0.993864	0.931208	0.993181	0.990949	0.968101	0.987286	0.994974	0.992478	0.997116	0.995089	0.99632	0.980941	0.995598	0.994911	0.994191	0.994925	0.990467	0.991445	0.976506	0.993543	0.979853	0.996664	0.992036	0.990977	0.983193	0.986027	0.993797	0.995465	0.996425	0.821214	0.996395	0.984034	0.995214	0.996757	0.99522
SRR6468522	0.869326	0.515845	0.408435	0.427773	0.827076	0.495212	0.590595	0.566731	0.880558	0.546347	0.490186	0.693576	0.996762	0	0.434935	0.704924	0.691029	0.70677	0.763183	0.269292	0.540229	0.52408	0.482079	0.573675	0.560119	0.899252	0.818785	0.681991	0.592326	0.794961	0.703731	0.394104	0.725861	0.703709	0.617859	0.432315	0.61807	0.45868	0.317579	0.815833	0.771166	0.607241	0.687854	0.458385	0.587631	0.903991	0.833579	0.414652	0.909569	0.642706	0.977156	0.561166	0.868469	0.489159	0.883376	0.855139	0.394964	0.666182	0.458062	0.728666	0.482679	0.859237	0.567103	0.385916	0.552891	0.460564	0.587595	0.617696	0.703019	0.82908	0.468301	0.592363	0.369833	0.500913	0.554096	0.426314	0.385692	0.96405	0.704718	0.616878	0.571662	0.482554	0.674796	0.877372	0.419744	0.466885	0.515704	0.435985	0.996968	0.48914	0.690707	0.407895	0.393438	0.301109	0.604341	0.395559	0.679932	0.990451	0.653744	0.811117	0.86636	0.582864	0.964296	0.71123	0.532917	0.416404	0.716236	0.306303	0.395382	0.994385	0.868704	0.964534	0.937009	0.788532	0.530257	0.922191	0.487246	0.665173	0.965329	0.492221	0.601119	0.828878	0.725971	0.7266	0.459745	0.475823	0.546668	0.657862	0.633359	0.392212	0.584727	0.349852	0.458747	0.423476	0.479754	0.318548	0.781992	0.51395	0.959553	0.706088	0.711025	0.668648	0.901836	0.618589	0.438117	0.576393	0.901413	0.652247	0.675728	0.771659	0.419705	0.757126	0.380864	0.465538	0.371297
SRR6468523	0.886005	0.651945	0.467913	0.41235	0.791561	0.488078	0.581149	0.444747	0.894008	0.675513	0.580532	0.693104	0.994913	0.434935	0	0.55671	0.617851	0.733172	0.688583	0.382522	0.605244	0.375923	0.505393	0.622333	0.615909	0.897214	0.797519	0.648155	0.632459	0.827137	0.722559	0.480242	0.72563	0.777977	0.669839	0.531367	0.552933	0.502215	0.431982	0.828677	0.816307	0.490164	0.753672	0.539323	0.572172	0.918761	0.823854	0.569194	0.903952	0.712075	0.975839	0.649457	0.817	0.632457	0.904008	0.722713	0.514798	0.692821	0.539698	0.719238	0.521311	0.870229	0.680565	0.388556	0.613553	0.448698	0.601288	0.706696	0.7123	0.800873	0.306506	0.65176	0.504117	0.61226	0.525229	0.530466	0.473421	0.960063	0.774191	0.647772	0.70131	0.646611	0.686564	0.901512	0.443377	0.505211	0.641416	0.468169	0.997206	0.572843	0.717369	0.543926	0.488352	0.396368	0.582354	0.454929	0.562902	0.989414	0.812085	0.820624	0.815399	0.582268	0.967795	0.713034	0.498752	0.521167	0.706221	0.481367	0.50266	0.995422	0.854047	0.973769	0.940019	0.751812	0.546719	0.824416	0.636221	0.79582	0.964601	0.603487	0.513494	0.75413	0.658253	0.602888	0.543246	0.505888	0.408772	0.690566	0.639593	0.493425	0.607971	0.558349	0.526731	0.544093	0.520782	0.486852	0.829743	0.544223	0.96416	0.705162	0.740282	0.554429	0.911493	0.724185	0.566225	0.526036	0.908753	0.641323	0.705723	0.832201	0.63562	0.732316	0.386657	0.51241	0.454624
SRR6468524	0.879438	0.802913	0.785708	0.737814	0.7981	0.649222	0.720241	0.783247	0.908912	0.784141	0.803722	0.805764	0.994672	0.704924	0.55671	0	0.816089	0.772437	0.795172	0.701098	0.712981	0.460946	0.735965	0.7735	0.837758	0.947388	0.853142	0.751754	0.704599	0.872493	0.758026	0.767114	0.797204	0.929062	0.758629	0.762482	0.809882	0.737776	0.751173	0.895073	0.748389	0.713097	0.924192	0.738152	0.824019	0.916887	0.863416	0.715013	0.924156	0.801363	0.979626	0.824911	0.833852	0.753863	0.91295	0.56915	0.747922	0.740313	0.733204	0.752177	0.802966	0.863794	0.738691	0.641948	0.76664	0.761593	0.725825	0.77138	0.792255	0.88893	0.530148	0.841094	0.74792	0.726564	0.731906	0.671639	0.70871	0.966115	0.933102	0.786451	0.765667	0.765266	0.771784	0.907139	0.607305	0.655522	0.760877	0.722648	0.996332	0.773593	0.740677	0.753348	0.7951	0.781207	0.779323	0.729401	0.885919	0.989556	0.828882	0.808479	0.861521	0.836155	0.964474	0.776059	0.704893	0.726891	0.731311	0.761584	0.716329	0.995999	0.902813	0.973333	0.942815	0.725668	0.839981	0.951593	0.818835	0.821156	0.985766	0.69768	0.610119	0.746213	0.800746	0.512332	0.69765	0.56597	0.592575	0.775631	0.803979	0.733891	0.789437	0.761116	0.725359	0.781891	0.786303	0.679939	0.838301	0.790573	0.965083	0.781379	0.928784	0.757551	0.918222	0.79654	0.790677	0.774128	0.943234	0.800537	0.787851	0.853049	0.803284	0.856132	0.733976	0.774467	0.75549
SRR6468525	0.853409	0.769972	0.629377	0.645031	0.856622	0.749045	0.661137	0.563777	0.889103	0.734724	0.617047	0.739446	0.992663	0.691029	0.617851	0.816089	0	0.686884	0.643258	0.652924	0.670124	0.725813	0.635776	0.442129	0.762289	0.90002	0.842334	0.757062	0.728574	0.820476	0.747712	0.659916	0.757328	0.868168	0.762863	0.543773	0.700226	0.638262	0.616874	0.539187	0.744635	0.751171	0.832933	0.585834	0.671682	0.894546	0.798916	0.623492	0.891914	0.657912	0.957808	0.717242	0.808354	0.625545	0.884397	0.875071	0.598072	0.772187	0.73545	0.760234	0.528381	0.867739	0.751084	0.608143	0.362448	0.628598	0.617855	0.721175	0.673622	0.858325	0.672349	0.723539	0.753526	0.687339	0.59658	0.71278	0.695796	0.943747	0.842438	0.668551	0.731317	0.642276	0.696132	0.834655	0.745203	0.694199	0.717807	0.551225	0.993244	0.758043	0.739268	0.719177	0.637943	0.625213	0.503436	0.72616	0.734774	0.97995	0.793235	0.83206	0.851115	0.649617	0.94854	0.705261	0.672767	0.696416	0.775041	0.640566	0.628415	0.990542	0.846144	0.956604	0.92044	0.776231	0.619993	0.740712	0.799872	0.787049	0.932416	0.672984	0.671944	0.839378	0.748306	0.87963	0.671796	0.689355	0.632428	0.684021	0.663512	0.65783	0.630317	0.729692	0.721593	0.65902	0.706826	0.734953	0.794659	0.692993	0.956128	0.643061	0.783665	0.666817	0.879333	0.674626	0.759118	0.506247	0.616339	0.819291	0.794039	0.810532	0.756318	0.612184	0.606386	0.556949	0.630571
SRR6468526	0.601797	0.72364	0.724978	0.720272	0.759888	0.671106	0.770383	0.675005	0.736008	0.701809	0.748737	0.592787	0.987807	0.70677	0.733172	0.772437	0.686884	0	0.598883	0.683046	0.7069	0.705724	0.642225	0.661374	0.721202	0.895232	0.814622	0.649552	0.604856	0.581765	0.625113	0.729876	0.542101	0.779886	0.713384	0.626679	0.504966	0.680659	0.641402	0.759737	0.701909	0.690751	0.820989	0.585867	0.720544	0.70773	0.499099	0.560742	0.820941	0.621996	0.924014	0.733391	0.807973	0.548153	0.743338	0.664955	0.549693	0.526124	0.667476	0.80204	0.688009	0.649838	0.665536	0.630111	0.678024	0.639059	0.619792	0.672889	0.585561	0.859666	0.698035	0.613102	0.729376	0.642081	0.632485	0.668987	0.634271	0.834484	0.866231	0.780809	0.620778	0.673984	0.534775	0.610127	0.634499	0.584358	0.677725	0.596777	0.992083	0.691342	0.683659	0.645123	0.670398	0.707469	0.673904	0.705623	0.731403	0.912856	0.72996	0.538314	0.890368	0.623573	0.925487	0.612805	0.633885	0.698995	0.745395	0.605134	0.64307	0.954722	0.704173	0.781809	0.639887	0.576364	0.728171	0.845269	0.68166	0.657547	0.970839	0.652664	0.600295	0.741034	0.643653	0.852537	0.622255	0.638735	0.582744	0.434797	0.621326	0.68866	0.725306	0.674479	0.711933	0.611974	0.775374	0.680683	0.593461	0.734537	0.915079	0.654657	0.686241	0.692504	0.635165	0.562617	0.690086	0.68897	0.670076	0.838282	0.802296	0.704281	0.686792	0.666465	0.678045	0.632375	0.618707
SRR6468527	0.681023	0.826778	0.713771	0.7459	0.90749	0.713069	0.703922	0.702698	0.899328	0.807907	0.721303	0.764095	0.993565	0.763183	0.688583	0.795172	0.643258	0.598883	0	0.741926	0.806148	0.721728	0.595056	0.754314	0.844865	0.907748	0.88764	0.724436	0.746689	0.661456	0.814131	0.768381	0.654945	0.88488	0.845374	0.638196	0.563763	0.698646	0.732143	0.761985	0.709645	0.698767	0.737401	0.61797	0.572076	0.821512	0.684632	0.711518	0.752048	0.619529	0.93081	0.815832	0.862241	0.644149	0.769587	0.669473	0.729618	0.75708	0.818135	0.850289	0.783558	0.715174	0.856305	0.69102	0.682229	0.725087	0.692316	0.868231	0.653793	0.813824	0.665538	0.592471	0.815533	0.788443	0.696008	0.704456	0.758277	0.838606	0.734478	0.677422	0.840111	0.799319	0.693689	0.766196	0.798905	0.711154	0.822533	0.659977	0.996311	0.86422	0.798287	0.769703	0.735299	0.744974	0.703289	0.752278	0.70725	0.988459	0.903497	0.722862	0.923972	0.545639	0.973333	0.751496	0.763785	0.772799	0.861573	0.713578	0.707792	0.976438	0.767499	0.849079	0.804978	0.657263	0.634358	0.783727	0.737962	0.790074	0.973477	0.799421	0.669021	0.773739	0.646748	0.611587	0.792398	0.725129	0.609161	0.651585	0.594183	0.726663	0.756282	0.822826	0.787021	0.735628	0.748499	0.736312	0.828266	0.708008	0.957727	0.775743	0.754687	0.684373	0.700439	0.762317	0.831088	0.659863	0.722549	0.727466	0.837883	0.765457	0.877567	0.569221	0.665108	0.741019	0.679445
SRR6468528	0.877386	0.50994	0.416581	0.374962	0.790632	0.461095	0.567632	0.508118	0.823516	0.579595	0.498364	0.653006	0.989573	0.269292	0.382522	0.701098	0.652924	0.683046	0.741926	0	0.530858	0.499989	0.510764	0.560073	0.561178	0.883482	0.774817	0.736475	0.604965	0.796626	0.678465	0.406997	0.69315	0.749594	0.612947	0.391698	0.5907	0.433281	0.331937	0.824443	0.786093	0.552216	0.71794	0.459096	0.578669	0.899119	0.806007	0.440114	0.900327	0.681651	0.9466	0.615266	0.824077	0.4483	0.88932	0.876542	0.390214	0.626283	0.454911	0.710519	0.468443	0.862387	0.520369	0.340141	0.529932	0.470381	0.568079	0.594149	0.711672	0.801809	0.431771	0.611656	0.419278	0.471703	0.482612	0.483153	0.360481	0.960846	0.738	0.618185	0.557274	0.509278	0.633036	0.852782	0.461509	0.460829	0.523844	0.352972	0.992532	0.442065	0.647365	0.441558	0.395105	0.304872	0.565359	0.392641	0.624392	0.977615	0.667896	0.791118	0.83903	0.527327	0.956411	0.703169	0.475412	0.418293	0.660412	0.326662	0.407865	0.990833	0.852842	0.964593	0.940024	0.733462	0.528795	0.83938	0.527514	0.693225	0.969706	0.49088	0.628487	0.854423	0.657916	0.75432	0.435168	0.460445	0.506253	0.670939	0.553901	0.401144	0.549899	0.465713	0.437608	0.430015	0.389622	0.39946	0.773252	0.476389	0.950682	0.72688	0.651829	0.629055	0.905907	0.600998	0.472393	0.51537	0.899476	0.715736	0.66194	0.782169	0.502559	0.74858	0.357653	0.44495	0.333466
SRR6468529	0.861051	0.616532	0.63125	0.515262	0.722924	0.542204	0.698469	0.693475	0.849952	0.555681	0.67333	0.726991	0.994133	0.540229	0.605244	0.712981	0.670124	0.7069	0.806148	0.530858	0	0.654377	0.704019	0.610872	0.760461	0.937612	0.847058	0.692939	0.570246	0.810523	0.657378	0.534745	0.639474	0.919458	0.467226	0.499298	0.715795	0.497522	0.579324	0.866102	0.826356	0.741365	0.861333	0.499709	0.792378	0.899395	0.758263	0.443042	0.929761	0.629479	0.970066	0.776171	0.574312	0.612243	0.867371	0.874197	0.50004	0.578811	0.481414	0.506686	0.711408	0.855134	0.471458	0.488382	0.610345	0.71067	0.571957	0.46676	0.672299	0.8865	0.685309	0.814443	0.610767	0.574258	0.60834	0.481534	0.424096	0.954401	0.932467	0.848008	0.476391	0.535128	0.605301	0.871684	0.52316	0.61088	0.491102	0.611233	0.997664	0.632742	0.4571	0.491775	0.64984	0.57147	0.710653	0.481851	0.809749	0.986944	0.58677	0.75201	0.792406	0.834757	0.958353	0.58569	0.475264	0.456394	0.581012	0.561376	0.537226	0.994433	0.865673	0.967645	0.934358	0.75913	0.795379	0.954649	0.546695	0.594083	0.952125	0.450931	0.534952	0.878955	0.753658	0.937004	0.353547	0.510176	0.54301	0.662968	0.71394	0.551894	0.656122	0.630684	0.454933	0.552978	0.702891	0.744998	0.768042	0.590628	0.960359	0.495476	0.887332	0.718632	0.892918	0.498754	0.563751	0.654846	0.942499	0.879047	0.545966	0.773259	0.59952	0.685748	0.634348	0.649766	0.594341
SRR6468530	0.835336	0.659711	0.61556	0.51424	0.786973	0.501277	0.657078	0.581786	0.873767	0.717673	0.696152	0.739258	0.995761	0.52408	0.375923	0.460946	0.725813	0.705724	0.721728	0.499989	0.654377	0	0.577621	0.654998	0.685504	0.916001	0.808409	0.633275	0.528279	0.744931	0.673241	0.551589	0.695437	0.847309	0.610292	0.575173	0.655306	0.446324	0.55591	0.848354	0.824055	0.629127	0.820241	0.541168	0.696502	0.922871	0.831969	0.488278	0.92984	0.624574	0.979077	0.705329	0.851767	0.606909	0.893477	0.608839	0.488616	0.574005	0.542819	0.694282	0.623557	0.824169	0.574396	0.418722	0.658788	0.613213	0.59854	0.712504	0.719193	0.827488	0.343232	0.734861	0.617815	0.568005	0.52243	0.567836	0.51548	0.963539	0.844196	0.735368	0.575617	0.573237	0.646447	0.89966	0.397856	0.437262	0.630058	0.557846	0.997752	0.602721	0.657684	0.540577	0.573239	0.56519	0.691501	0.536697	0.732816	0.988659	0.76161	0.790689	0.874999	0.709421	0.966149	0.673764	0.524389	0.557259	0.693519	0.548253	0.510234	0.997093	0.89607	0.975997	0.941791	0.72401	0.699055	0.899212	0.667354	0.750717	0.98412	0.510183	0.441211	0.702439	0.670711	0.552592	0.539536	0.537191	0.373549	0.586833	0.69075	0.587531	0.67532	0.635723	0.569434	0.572065	0.608681	0.55464	0.77111	0.609565	0.964789	0.621618	0.823826	0.678744	0.906268	0.674341	0.560786	0.646071	0.92001	0.749593	0.719805	0.780175	0.629024	0.73931	0.546456	0.584089	0.50602
SRR6468559	0.856519	0.609346	0.417214	0.550016	0.813493	0.657727	0.54761	0.611042	0.845714	0.764714	0.456502	0.718106	0.994277	0.482079	0.505393	0.735965	0.635776	0.642225	0.595056	0.510764	0.704019	0.577621	0	0.710628	0.595754	0.897148	0.810142	0.737801	0.661378	0.816908	0.784423	0.391256	0.701305	0.611413	0.732469	0.603541	0.622504	0.615411	0.412697	0.791496	0.662591	0.498797	0.54793	0.567645	0.393958	0.900445	0.785496	0.618224	0.784841	0.659179	0.977138	0.506171	0.818491	0.616677	0.887553	0.840338	0.601915	0.724645	0.595284	0.777338	0.439237	0.838427	0.713975	0.56721	0.619746	0.437933	0.625282	0.737787	0.71148	0.785921	0.556077	0.428796	0.567557	0.64143	0.515024	0.672412	0.596368	0.955016	0.584608	0.411719	0.725296	0.630166	0.63488	0.889225	0.590648	0.60967	0.707396	0.375714	0.991977	0.609364	0.74207	0.531515	0.427549	0.496973	0.616877	0.621782	0.519854	0.988189	0.83758	0.823112	0.850046	0.53507	0.946493	0.663651	0.615729	0.671751	0.74113	0.525386	0.528579	0.977084	0.895498	0.953704	0.918095	0.660001	0.41061	0.819703	0.566909	0.812314	0.978609	0.679123	0.638646	0.798789	0.610766	0.657938	0.596666	0.568015	0.471398	0.700085	0.698795	0.353135	0.692923	0.51698	0.611593	0.551364	0.58531	0.497618	0.800366	0.553624	0.945456	0.685536	0.699157	0.624247	0.888669	0.700402	0.490259	0.655208	0.859376	0.525652	0.770724	0.817408	0.521611	0.627406	0.451924	0.549964	0.450545
SRR6468560	0.830717	0.651687	0.626872	0.55828	0.791585	0.662094	0.758691	0.576073	0.803368	0.510406	0.635001	0.71484	0.982973	0.573675	0.622333	0.7735	0.442129	0.661374	0.754314	0.560073	0.610872	0.654998	0.710628	0	0.674935	0.895169	0.820065	0.749125	0.638555	0.805618	0.628498	0.586073	0.687362	0.864326	0.620004	0.504139	0.681579	0.523849	0.481052	0.575575	0.741016	0.704801	0.840494	0.531404	0.784484	0.869292	0.797199	0.47989	0.902032	0.708349	0.95877	0.713076	0.873984	0.526121	0.86794	0.901095	0.426819	0.646652	0.584659	0.743711	0.565015	0.811096	0.556125	0.497415	0.310689	0.663925	0.608584	0.573851	0.781838	0.885028	0.588886	0.749685	0.574116	0.551024	0.658305	0.559171	0.490431	0.934736	0.860857	0.793177	0.541789	0.559152	0.650955	0.849637	0.538533	0.531557	0.517892	0.550649	0.996988	0.55505	0.710477	0.591474	0.485648	0.527201	0.420499	0.571683	0.799114	0.97475	0.641008	0.799206	0.903164	0.684385	0.948605	0.724002	0.600471	0.578945	0.744857	0.473015	0.497744	0.995103	0.771753	0.958407	0.927279	0.75782	0.740265	0.825366	0.655258	0.599384	0.965795	0.558642	0.670395	0.815389	0.70538	0.904728	0.510528	0.61141	0.655593	0.663649	0.615833	0.607893	0.639638	0.484925	0.554107	0.507163	0.640864	0.689147	0.731894	0.581333	0.958192	0.75921	0.876532	0.665214	0.888898	0.520652	0.59254	0.433958	0.66658	0.872333	0.726449	0.743519	0.525256	0.823367	0.590424	0.432574	0.531515
SRR6468561	0.883657	0.576546	0.549956	0.620662	0.85626	0.726181	0.647331	0.702502	0.895188	0.742284	0.531049	0.77242	0.970298	0.560119	0.615909	0.837758	0.762289	0.721202	0.844865	0.561178	0.760461	0.685504	0.595754	0.674935	0	0.915754	0.810324	0.843125	0.782612	0.839948	0.775207	0.573381	0.789078	0.743208	0.780929	0.68744	0.711798	0.698583	0.517016	0.837933	0.802539	0.701932	0.693566	0.641281	0.612347	0.806966	0.858116	0.699399	0.571739	0.785574	0.94614	0.616199	0.920267	0.678948	0.92645	0.90223	0.594115	0.791662	0.590415	0.817202	0.53386	0.695756	0.724803	0.625529	0.681349	0.605869	0.72898	0.674068	0.793081	0.835953	0.661267	0.648736	0.55354	0.636641	0.679309	0.729258	0.623376	0.937369	0.728267	0.665862	0.695402	0.623466	0.742604	0.887802	0.615288	0.667373	0.66044	0.569721	0.966275	0.53931	0.784259	0.591164	0.496086	0.542818	0.694739	0.636316	0.612945	0.990835	0.704355	0.873869	0.864296	0.679921	0.845659	0.801691	0.745079	0.683257	0.799761	0.545524	0.617302	0.570293	0.89188	0.590262	0.700155	0.771516	0.633759	0.835997	0.610042	0.737314	0.92635	0.668916	0.764107	0.752745	0.759555	0.765318	0.635419	0.730624	0.693668	0.738509	0.806128	0.529958	0.725572	0.547459	0.647666	0.555891	0.629551	0.634481	0.781918	0.618263	0.570302	0.828293	0.676456	0.769067	0.887372	0.73067	0.554704	0.723372	0.533767	0.731689	0.788763	0.846303	0.558529	0.826955	0.506909	0.546626	0.495023
SRR6468562	0.973908	0.872125	0.88359	0.897496	0.976232	0.907705	0.906214	0.866322	0.97239	0.910648	0.914622	0.93142	0.996531	0.899252	0.897214	0.947388	0.90002	0.895232	0.907748	0.883482	0.937612	0.916001	0.897148	0.895169	0.915754	0	0.916379	0.953087	0.952832	0.956575	0.954421	0.905433	0.936176	0.919214	0.961208	0.884214	0.903999	0.892709	0.922155	0.907048	0.928908	0.901968	0.924591	0.919282	0.900409	0.986378	0.975592	0.86886	0.955612	0.947136	0.997244	0.89938	0.965445	0.87954	0.98108	0.973264	0.875896	0.943357	0.925525	0.96506	0.920837	0.964537	0.934594	0.893444	0.881838	0.870796	0.919116	0.94264	0.929767	0.927872	0.865581	0.899432	0.905049	0.915324	0.916188	0.870781	0.90038	0.992561	0.913546	0.899286	0.93213	0.938065	0.917826	0.984926	0.921391	0.880856	0.921715	0.878759	0.993712	0.919768	0.964664	0.937002	0.923595	0.875766	0.88458	0.887299	0.905477	0.995568	0.96726	0.974907	0.957835	0.862001	0.989533	0.952076	0.912097	0.902339	0.969619	0.867212	0.92338	0.991875	0.966662	0.990861	0.984636	0.945831	0.859324	0.921953	0.944382	0.946503	0.989019	0.919667	0.925559	0.973483	0.929936	0.941451	0.916274	0.914741	0.919125	0.933006	0.879654	0.899959	0.936254	0.906391	0.891359	0.857116	0.903385	0.905591	0.95247	0.928422	0.979353	0.920872	0.922649	0.930945	0.976953	0.917653	0.925726	0.884339	0.919819	0.907661	0.941128	0.978506	0.92652	0.928624	0.898801	0.880401	0.889319
SRR6468563	0.898667	0.799576	0.82914	0.814348	0.885307	0.801312	0.834854	0.778723	0.859126	0.858548	0.837252	0.827563	0.88567	0.818785	0.797519	0.853142	0.842334	0.814622	0.88764	0.774817	0.847058	0.808409	0.810142	0.820065	0.810324	0.916379	0	0.867859	0.837917	0.865833	0.838537	0.818069	0.801012	0.866939	0.696227	0.786723	0.82282	0.80069	0.822773	0.888076	0.878154	0.81346	0.882192	0.796986	0.814418	0.912735	0.90268	0.803263	0.847528	0.830165	0.868795	0.809564	0.898898	0.829697	0.923122	0.903657	0.806442	0.846695	0.807895	0.865046	0.786123	0.847936	0.793407	0.787089	0.853403	0.814209	0.798828	0.763339	0.794246	0.877052	0.81442	0.842878	0.825412	0.809774	0.815056	0.830285	0.794847	0.865217	0.894121	0.846508	0.8062	0.828032	0.792638	0.901524	0.824015	0.799461	0.799847	0.817882	0.966231	0.764409	0.840864	0.823664	0.80125	0.828862	0.827819	0.811149	0.861098	0.922663	0.860061	0.885864	0.851384	0.850557	0.686587	0.845788	0.813392	0.819581	0.833468	0.814853	0.818905	0.97682	0.925412	0.960186	0.937853	0.849826	0.813263	0.939833	0.832549	0.83249	0.853067	0.80275	0.834435	0.844739	0.821737	0.889441	0.782771	0.803133	0.789532	0.832804	0.846638	0.810996	0.865706	0.821562	0.821306	0.825527	0.801549	0.826353	0.859452	0.823	0.924193	0.850456	0.855143	0.848408	0.903621	0.843761	0.824965	0.842279	0.909936	0.892751	0.866982	0.852555	0.843047	0.85651	0.812115	0.826563	0.811373
